# Data for ascii data initial temperature
# Only next line is parsed in format: [nx] because of keyword "POINTS:"
# POINTS: 4201
# Columns: depth (m), temperature (K)
depth temperature
0.0	440.0
109.9	441.2370585
209.9	442.3616454
309.9	443.4852459
409.9	444.60786
509.9	445.7294876
609.9	446.8501286
709.9	447.9697829
809.9	449.0884505
909.9	450.2061312
1009.9	451.3228251
1109.9	452.438532
1209.9	453.5532519
1309.9	454.6669846
1409.9	455.7797302
1509.9	456.8914884
1609.9	458.0022593
1709.9	459.1120428
1809.9	460.2208387
1909.9	461.3286471
2009.9	462.4354678
2109.9	463.5413008
2209.9	464.6461459
2309.9	465.7500032
2409.9	466.8528724
2509.9	467.9547536
2609.9	469.0556467
2709.9	470.1555516
2809.9	471.2544682
2909.9	472.3523964
3009.9	473.4493362
3109.9	474.5452875
3209.9	475.6402502
3309.9	476.7342242
3409.9	477.8272095
3509.9	478.9192059
3609.9	480.0102134
3709.9	481.100232
3809.9	482.1892615
3909.9	483.2773018
4009.9	484.364353
4109.9	485.4504148
4209.9	486.5354873
4309.9	487.6195704
4409.9	488.7026639
4509.9	489.7847678
4609.9	490.865882
4709.9	491.9460065
4809.9	493.0251411
4909.9	494.1032859
5009.9	495.1804406
5109.9	496.2566053
5209.9	497.3317798
5309.9	498.4059641
5409.9	499.4791581
5509.9	500.5513617
5609.9	501.6225749
5709.9	502.6927975
5809.9	503.7620295
5909.9	504.8302709
6009.9	505.8975214
6109.9	506.9637812
6209.9	508.02905
6309.9	509.0933277
6409.9	510.1566145
6509.9	511.21891
6609.9	512.2802143
6709.9	513.3405274
6809.9	514.399849
6909.9	515.4581791
7009.9	516.5155177
7109.9	517.5718647
7209.9	518.62722
7309.9	519.6815835
7409.9	520.7349552
7509.9	521.7873349
7609.9	522.8387226
7709.9	523.8891182
7809.9	524.9385216
7909.9	525.9869328
8009.9	527.0343517
8109.9	528.0807781
8209.9	529.1262121
8309.9	530.1706535
8409.9	531.2141023
8509.9	532.2565583
8609.9	533.2980216
8709.9	534.338492
8809.9	535.3779694
8909.9	536.4164538
9009.9	537.4539451
9109.9	538.4904433
9209.9	539.5259481
9309.9	540.5604596
9409.9	541.5939777
9509.9	542.6265023
9609.9	543.6580333
9709.9	544.6885707
9809.9	545.7181143
9909.9	546.7466642
10009.9	547.7742201
10109.9	548.800782
10209.9	549.82635
10309.9	550.8509237
10409.9	551.8745033
10509.9	552.8970886
10609.9	553.9186796
10709.9	554.9392761
10809.9	555.9588781
10909.9	556.9774855
11009.9	557.9950982
11109.9	559.0117162
11209.9	560.0273393
11309.9	561.0419675
11409.9	562.0556008
11509.9	563.068239
11609.9	564.079882
11709.9	565.0905298
11809.9	566.1001823
11909.9	567.1088394
12009.9	568.1165011
12109.9	569.1231673
12209.9	570.1288378
12309.9	571.1335126
12409.9	572.1371916
12509.9	573.1398748
12609.9	574.1415621
12709.9	575.1422534
12809.9	576.1419485
12909.9	577.1406475
13009.9	578.1383503
13109.9	579.1350567
13209.9	580.1307668
13309.9	581.1254803
13409.9	582.1191973
13509.9	583.1119177
13609.9	584.1036413
13709.9	585.0943681
13809.9	586.0840981
13909.9	587.0728311
14009.9	588.0605671
14109.9	589.047306
14209.9	590.0330476
14309.9	591.017792
14409.9	592.0015391
14509.9	592.9842887
14609.9	593.9660409
14709.9	594.9467954
14809.9	595.9265523
14909.9	596.9053114
15009.9	597.8830727
15109.9	598.8598361
15209.9	599.8356016
15309.9	600.8103689
15409.9	601.7841382
15509.9	602.7569092
15609.9	603.7286819
15709.9	604.6994563
15809.9	605.6692321
15909.9	606.6380095
16009.9	607.6057883
16109.9	608.5725683
16209.9	609.5383496
16309.9	610.503132
16409.9	611.4669155
16509.9	612.4297
16609.9	613.3914855
16709.9	614.3522717
16809.9	615.3120587
16909.9	616.2708464
17009.9	617.2286347
17109.9	618.1854235
17209.9	619.1412127
17309.9	620.0960023
17409.9	621.0497922
17509.9	622.0025822
17609.9	622.9543724
17709.9	623.9051626
17809.9	624.8549528
17909.9	625.8037429
18009.9	626.7515328
18109.9	627.6983224
18209.9	628.6441116
18309.9	629.5889005
18409.9	630.5326888
18509.9	631.4754765
18609.9	632.4172635
18709.9	633.3580498
18809.9	634.2978352
18909.9	635.2366198
19009.9	636.1744033
19109.9	637.1111858
19209.9	638.0469671
19309.9	638.9817472
19409.9	639.915526
19509.9	640.8483034
19609.9	641.7800793
19709.9	642.7108537
19809.9	643.6406265
19909.9	644.5693975
20009.9	645.4971668
20109.9	646.4239342
20209.9	647.3496996
20309.9	648.2744631
20409.9	649.1982244
20509.9	650.1209835
20609.9	651.0427404
20709.9	651.9634949
20809.9	652.883247
20909.9	653.8019966
21009.9	654.7197437
21109.9	655.636488
21209.9	656.5522296
21309.9	657.4669684
21409.9	658.3807043
21509.9	659.2934372
21609.9	660.2051671
21709.9	661.1158938
21809.9	662.0256172
21909.9	662.9343374
22009.9	663.8420542
22109.9	664.7487676
22209.9	665.6544774
22309.9	666.5591835
22409.9	667.462886
22509.9	668.3655847
22609.9	669.2672795
22709.9	670.1679704
22809.9	671.0676573
22909.9	671.9663401
23009.9	672.8640187
23109.9	673.760693
23209.9	674.656363
23309.9	675.5510285
23409.9	676.4446896
23509.9	677.3373461
23609.9	678.2289979
23709.9	679.119645
23809.9	680.0092873
23909.9	680.8979246
24009.9	681.785557
24109.9	682.6721843
24209.9	683.5578065
24309.9	684.4424234
24409.9	685.3260351
24509.9	686.2086414
24609.9	687.0902422
24709.9	687.9708374
24809.9	688.8504271
24909.9	689.729011
25009.9	690.6065891
25109.9	691.4831614
25209.9	692.3587278
25309.9	693.2332881
25409.9	694.1068423
25509.9	694.9793903
25609.9	695.8509321
25709.9	696.7214675
25809.9	697.5909965
25909.9	698.459519
26009.9	699.3270349
26109.9	700.1935441
26209.9	701.0590466
26309.9	701.9235422
26409.9	702.787031
26509.9	703.6495127
26609.9	704.5109874
26709.9	705.3714549
26809.9	706.2309152
26909.9	707.0893682
27009.9	707.9468138
27109.9	708.803252
27209.9	709.6586825
27309.9	710.5131055
27409.9	711.3665207
27509.9	712.2189281
27609.9	713.0703277
27709.9	713.9207193
27809.9	714.7701028
27909.9	715.6184783
28009.9	716.4658455
28109.9	717.3122045
28209.9	718.1575551
28309.9	719.0018972
28409.9	719.8452309
28509.9	720.6875559
28609.9	721.5288723
28709.9	722.3691799
28809.9	723.2084786
28909.9	724.0467685
29009.9	724.8840493
29109.9	725.720321
29209.9	726.5555836
29309.9	727.3898369
29409.9	728.2230809
29509.9	729.0553155
29609.9	729.8865406
29709.9	730.7167561
29809.9	731.545962
29909.9	732.3741581
30009.9	733.2013444
30109.9	734.0275208
30209.9	734.8526873
30309.9	735.6768437
30409.9	736.4999899
30509.9	737.3221259
30609.9	738.1432517
30709.9	738.963367
30809.9	739.7824719
30909.9	740.6005662
31009.9	741.41765
31109.9	742.233723
31209.9	743.0487852
31309.9	743.8628366
31409.9	744.675877
31509.9	745.4879063
31609.9	746.2989246
31709.9	747.1089317
31809.9	747.9179275
31909.9	748.7259119
32009.9	749.5328849
32109.9	750.3388464
32209.9	751.1437963
32309.9	751.9477345
32409.9	752.750661
32509.9	753.5525756
32609.9	754.3534783
32709.9	755.153369
32809.9	755.9522476
32909.9	756.750114
33009.9	757.5469682
33109.9	758.34281
33209.9	759.1376394
33309.9	759.9314564
33409.9	760.7242608
33509.9	761.5160525
33609.9	762.3068314
33709.9	763.0965976
33809.9	763.8853509
33909.9	764.6730911
34009.9	765.4598183
34109.9	766.2455324
34209.9	767.0302332
34309.9	767.8139208
34409.9	768.5965949
34509.9	769.3782556
34609.9	770.1589027
34709.9	770.9385362
34809.9	771.717156
34900.0	772.1552902
35000.0	772.6414707
35100.0	773.1275512
35200.0	773.6135318
35300.0	774.0994124
35400.0	774.585193
35500.0	775.0708735
35600.0	775.5564541
35700.0	776.0419347
35800.0	776.5273152
35900.0	777.0125958
36000.0	777.4977763
36100.0	777.9828567
36200.0	778.4678372
36300.0	778.9527175
36400.0	779.4374978
36500.0	779.9221781
36600.0	780.4067583
36700.0	780.8912384
36800.0	781.3756184
36900.0	781.8598983
37000.0	782.3440782
37100.0	782.8281579
37200.0	783.3121375
37300.0	783.796017
37400.0	784.2797964
37500.0	784.7634756
37600.0	785.2470547
37700.0	785.7305337
37800.0	786.2139125
37900.0	786.6971912
38000.0	787.1803697
38100.0	787.663448
38200.0	788.1464262
38300.0	788.6293041
38400.0	789.1120819
38500.0	789.5947595
38600.0	790.0773369
38700.0	790.559814
38800.0	791.042191
38900.0	791.5244677
39000.0	792.0066442
39100.0	792.4887205
39200.0	792.9706965
39300.0	793.4525722
39400.0	793.9343477
39500.0	794.416023
39600.0	794.897598
39700.0	795.3790727
39800.0	795.8604471
39900.0	796.3417212
40000.0	796.822895
40100.0	797.3039686
40200.0	797.7849418
40300.0	798.2658147
40400.0	798.7465872
40500.0	799.2272595
40600.0	799.7078314
40700.0	800.1883029
40800.0	800.6686742
40900.0	801.148945
41000.0	801.6291155
41100.0	802.1091856
41200.0	802.5891554
41300.0	803.0690247
41400.0	803.5487937
41500.0	804.0284623
41600.0	804.5080304
41700.0	804.9874982
41800.0	805.4668655
41900.0	805.9461324
42000.0	806.4252989
42100.0	806.904365
42200.0	807.3833306
42300.0	807.8621957
42400.0	808.3409604
42500.0	808.8196246
42600.0	809.2981884
42700.0	809.7766517
42800.0	810.2550145
42900.0	810.7332768
43000.0	811.2114386
43100.0	811.6894999
43200.0	812.1674607
43300.0	812.6453209
43400.0	813.1230807
43500.0	813.6007399
43600.0	814.0782986
43700.0	814.5557567
43800.0	815.0331143
43900.0	815.5103713
44000.0	815.9875278
44100.0	816.4645836
44200.0	816.941539
44300.0	817.4183937
44400.0	817.8951478
44500.0	818.3718013
44600.0	818.8483542
44700.0	819.3248066
44800.0	819.8011582
44900.0	820.2774093
45000.0	820.7535597
45100.0	821.2296095
45200.0	821.7055587
45300.0	822.1814072
45400.0	822.657155
45500.0	823.1328022
45600.0	823.6083487
45700.0	824.0837945
45800.0	824.5591396
45900.0	825.034384
46000.0	825.5095278
46100.0	825.9845708
46200.0	826.4595131
46300.0	826.9343547
46400.0	827.4090956
46500.0	827.8837357
46600.0	828.3582751
46700.0	828.8327137
46800.0	829.3070516
46900.0	829.7812888
47000.0	830.2554251
47100.0	830.7294607
47200.0	831.2033955
47300.0	831.6772295
47400.0	832.1509628
47500.0	832.6245952
47600.0	833.0981268
47700.0	833.5715576
47800.0	834.0448876
47900.0	834.5181167
48000.0	834.991245
48100.0	835.4642725
48200.0	835.9371991
48300.0	836.4100249
48400.0	836.8827498
48500.0	837.3553738
48600.0	837.827897
48700.0	838.3003192
48800.0	838.7726406
48900.0	839.2448611
49000.0	839.7169807
49100.0	840.1889994
49200.0	840.6609171
49300.0	841.1327339
49400.0	841.6044499
49500.0	842.0760648
49600.0	842.5475788
49700.0	843.0189919
49800.0	843.490304
49900.0	843.9615152
50000.0	844.4326253
50100.0	844.9036345
50200.0	845.3745428
50300.0	845.84535
50400.0	846.3160562
50500.0	846.7866614
50600.0	847.2571656
50700.0	847.7275688
50800.0	848.197871
50900.0	848.6680721
51000.0	849.1381722
51100.0	849.6081712
51200.0	850.0780692
51300.0	850.5478662
51400.0	851.017562
51500.0	851.4871568
51600.0	851.9566505
51700.0	852.4260432
51800.0	852.8953347
51900.0	853.3645251
52000.0	853.8336144
52100.0	854.3026027
52200.0	854.7714897
52300.0	855.2402757
52400.0	855.7089605
52500.0	856.1775442
52600.0	856.6460267
52700.0	857.1144081
52800.0	857.5826883
52900.0	858.0508674
53000.0	858.5189453
53100.0	858.986922
53200.0	859.4547975
53300.0	859.9225718
53400.0	860.3902449
53500.0	860.8578167
53600.0	861.3252874
53700.0	861.7926569
53800.0	862.2599251
53900.0	862.7270921
54000.0	863.1941578
54100.0	863.6611223
54200.0	864.1279855
54300.0	864.5947475
54400.0	865.0614082
54500.0	865.5279676
54600.0	865.9944257
54700.0	866.4607826
54800.0	866.9270381
54900.0	867.3931924
55000.0	867.8592453
55100.0	868.3251969
55200.0	868.7910472
55300.0	869.2567961
55400.0	869.7224437
55500.0	870.18799
55600.0	870.6534349
55700.0	871.1187784
55800.0	871.5840206
55900.0	872.0491614
56000.0	872.5142008
56100.0	872.9791388
56200.0	873.4439755
56300.0	873.9087107
56400.0	874.3733445
56500.0	874.8378769
56600.0	875.3023079
56700.0	875.7666375
56800.0	876.2308656
56900.0	876.6949923
57000.0	877.1590175
57100.0	877.6229413
57200.0	878.0867636
57300.0	878.5504844
57400.0	879.0141038
57500.0	879.4776216
57600.0	879.941038
57700.0	880.4043529
57800.0	880.8675663
57900.0	881.3306781
58000.0	881.7936885
58100.0	882.2565973
58200.0	882.7194046
58300.0	883.1821104
58400.0	883.6447146
58500.0	884.1072172
58600.0	884.5696183
58700.0	885.0319178
58800.0	885.4941158
58900.0	885.9562121
59000.0	886.4182069
59100.0	886.8801001
59200.0	887.3418917
59300.0	887.8035817
59400.0	888.26517
59500.0	888.7266568
59600.0	889.1880419
59700.0	889.6493254
59800.0	890.1105072
59900.0	890.5715874
60000.0	891.0325659
60100.0	891.4934427
60200.0	891.9542179
60300.0	892.4148914
60400.0	892.8754633
60500.0	893.3359334
60600.0	893.7963018
60700.0	894.2565686
60800.0	894.7167336
60900.0	895.1767969
61000.0	895.6367585
61100.0	896.0966183
61200.0	896.5563764
61300.0	897.0160328
61400.0	897.4755874
61500.0	897.9350402
61600.0	898.3943913
61700.0	898.8536406
61800.0	899.3127881
61900.0	899.7718338
62000.0	900.2307777
62100.0	900.6896199
62200.0	901.1483602
62300.0	901.6069987
62400.0	902.0655354
62500.0	902.5239702
62600.0	902.9823032
62700.0	903.4405344
62800.0	903.8986637
62900.0	904.3566912
63000.0	904.8146168
63100.0	905.2724405
63200.0	905.7301623
63300.0	906.1877823
63400.0	906.6453003
63500.0	907.1027165
63600.0	907.5600308
63700.0	908.0172431
63800.0	908.4743535
63900.0	908.931362
64000.0	909.3882686
64100.0	909.8450732
64200.0	910.3017759
64300.0	910.7583766
64400.0	911.2148754
64500.0	911.6712722
64600.0	912.127567
64700.0	912.5837598
64800.0	913.0398506
64900.0	913.4958395
65000.0	913.9517263
65100.0	914.4075111
65200.0	914.8631939
65300.0	915.3187747
65400.0	915.7742535
65500.0	916.2296302
65600.0	916.6849048
65700.0	917.1400775
65800.0	917.595148
65900.0	918.0501165
66000.0	918.5049829
66100.0	918.9597472
66200.0	919.4144095
66300.0	919.8689696
66400.0	920.3234277
66500.0	920.7777836
66600.0	921.2320374
66700.0	921.6861891
66800.0	922.1402387
66900.0	922.5941861
67000.0	923.0480314
67100.0	923.5017746
67200.0	923.9554155
67300.0	924.4089543
67400.0	924.862391
67500.0	925.3157255
67600.0	925.7689577
67700.0	926.2220878
67800.0	926.6751157
67900.0	927.1280414
68000.0	927.5808648
68100.0	928.0335861
68200.0	928.4862051
68300.0	928.9387219
68400.0	929.3911364
68500.0	929.8434487
68600.0	930.2956587
68700.0	930.7477665
68800.0	931.199772
68900.0	931.6516752
69000.0	932.1034762
69100.0	932.5551748
69200.0	933.0067712
69300.0	933.4582652
69400.0	933.909657
69500.0	934.3609464
69600.0	934.8121335
69700.0	935.2632182
69800.0	935.7142006
69900.0	936.1650807
70000.0	936.6158584
70100.0	937.0665338
70200.0	937.5171068
70300.0	937.9675774
70400.0	938.4179456
70500.0	938.8682114
70600.0	939.3183749
70700.0	939.7684359
70800.0	940.2183946
70900.0	940.6682508
71000.0	941.1180046
71100.0	941.5676559
71200.0	942.0172048
71300.0	942.4666513
71400.0	942.9159953
71500.0	943.3652369
71600.0	943.814376
71700.0	944.2634126
71800.0	944.7123467
71900.0	945.1611784
72000.0	945.6099075
72100.0	946.0585342
72200.0	946.5070583
72300.0	946.9554799
72400.0	947.403799
72500.0	947.8520156
72600.0	948.3001296
72700.0	948.7481411
72800.0	949.19605
72900.0	949.6438564
73000.0	950.0915602
73100.0	950.5391615
73200.0	950.9866601
73300.0	951.4340562
73400.0	951.8813497
73500.0	952.3285406
73600.0	952.7756288
73700.0	953.2226145
73800.0	953.6694975
73900.0	954.1162779
74000.0	954.5629557
74100.0	955.0095308
74200.0	955.4560033
74300.0	955.9023731
74400.0	956.3486403
74500.0	956.7948047
74600.0	957.2408665
74700.0	957.6868256
74800.0	958.1326821
74900.0	958.5784358
75000.0	959.0240868
75100.0	959.4696351
75200.0	959.9150807
75300.0	960.3604235
75400.0	960.8056636
75500.0	961.250801
75600.0	961.6958356
75700.0	962.1407675
75800.0	962.5855966
75900.0	963.0303229
76000.0	963.4749465
76100.0	963.9194672
76200.0	964.3638852
76300.0	964.8082004
76400.0	965.2524127
76500.0	965.6965223
76600.0	966.140529
76700.0	966.5844329
76800.0	967.028234
76900.0	967.4719322
77000.0	967.9155276
77100.0	968.3590201
77200.0	968.8024098
77300.0	969.2456965
77400.0	969.6888804
77500.0	970.1319615
77600.0	970.5749396
77700.0	971.0178148
77800.0	971.4605872
77900.0	971.9032566
78000.0	972.3458231
78100.0	972.7882866
78200.0	973.2306472
78300.0	973.6729049
78400.0	974.1150597
78500.0	974.5571114
78600.0	974.9990603
78700.0	975.4409061
78800.0	975.882649
78900.0	976.3242889
79000.0	976.7658257
79100.0	977.2072596
79200.0	977.6485905
79300.0	978.0898184
79400.0	978.5309433
79500.0	978.9719651
79600.0	979.4128839
79700.0	979.8536996
79800.0	980.2944123
79900.0	980.735022
80000.0	981.1755285
80100.0	981.615932
80200.0	982.0562325
80300.0	982.4964298
80400.0	982.9365241
80500.0	983.3765152
80600.0	983.8164033
80700.0	984.2561882
80800.0	984.69587
80900.0	985.1354487
81000.0	985.5749243
81100.0	986.0142967
81200.0	986.4535659
81300.0	986.892732
81400.0	987.331795
81500.0	987.7707547
81600.0	988.2096113
81700.0	988.6483647
81800.0	989.087015
81900.0	989.525562
82000.0	989.9640058
82100.0	990.4023464
82200.0	990.8405837
82300.0	991.2787179
82400.0	991.7167488
82500.0	992.1546765
82600.0	992.5925009
82700.0	993.030222
82800.0	993.4678399
82900.0	993.9053546
83000.0	994.3427659
83100.0	994.780074
83200.0	995.2172787
83300.0	995.6543802
83400.0	996.0913784
83500.0	996.5282732
83600.0	996.9650647
83700.0	997.4017529
83800.0	997.8383378
83900.0	998.2748193
84000.0	998.7111975
84100.0	999.1474723
84200.0	999.5836437
84300.0	1000.019712
84400.0	1000.455676
84500.0	1000.891538
84600.0	1001.327296
84700.0	1001.76295
84800.0	1002.198501
84900.0	1002.633949
85000.0	1003.069293
85100.0	1003.504534
85200.0	1003.939671
85300.0	1004.374705
85400.0	1004.809636
85500.0	1005.244463
85600.0	1005.679187
85700.0	1006.113807
85800.0	1006.548323
85900.0	1006.982736
86000.0	1007.417046
86100.0	1007.851252
86200.0	1008.285355
86300.0	1008.719354
86400.0	1009.15325
86500.0	1009.587042
86600.0	1010.02073
86700.0	1010.454315
86800.0	1010.887797
86900.0	1011.321174
87000.0	1011.754449
87100.0	1012.187619
87200.0	1012.620687
87300.0	1013.05365
87400.0	1013.48651
87500.0	1013.919266
87600.0	1014.351919
87700.0	1014.784468
87800.0	1015.216914
87900.0	1015.649256
88000.0	1016.081494
88100.0	1016.513628
88200.0	1016.945659
88300.0	1017.377587
88400.0	1017.80941
88500.0	1018.24113
88600.0	1018.672746
88700.0	1019.104259
88800.0	1019.535668
88900.0	1019.966973
89000.0	1020.398174
89100.0	1020.829272
89200.0	1021.260266
89300.0	1021.691156
89400.0	1022.121943
89500.0	1022.552626
89600.0	1022.983205
89700.0	1023.41368
89800.0	1023.844051
89900.0	1024.274319
90000.0	1024.704483
90100.0	1025.134543
90200.0	1025.564499
90300.0	1025.994352
90400.0	1026.424101
90500.0	1026.853746
90600.0	1027.283287
90700.0	1027.712724
90800.0	1028.142057
90900.0	1028.571287
91000.0	1029.000412
91100.0	1029.429434
91200.0	1029.858352
91300.0	1030.287166
91400.0	1030.715876
91500.0	1031.144483
91600.0	1031.572985
91700.0	1032.001383
91800.0	1032.429678
91900.0	1032.857869
92000.0	1033.285955
92100.0	1033.713938
92200.0	1034.141817
92300.0	1034.569592
92400.0	1034.997263
92500.0	1035.42483
92600.0	1035.852293
92700.0	1036.279652
92800.0	1036.706907
92900.0	1037.134057
93000.0	1037.561104
93100.0	1037.988047
93200.0	1038.414886
93300.0	1038.841621
93400.0	1039.268252
93500.0	1039.694779
93600.0	1040.121202
93700.0	1040.547521
93800.0	1040.973735
93900.0	1041.399846
94000.0	1041.825853
94100.0	1042.251755
94200.0	1042.677553
94300.0	1043.103248
94400.0	1043.528838
94500.0	1043.954324
94600.0	1044.379706
94700.0	1044.804984
94800.0	1045.230157
94900.0	1045.655227
95000.0	1046.080192
95100.0	1046.505053
95200.0	1046.92981
95300.0	1047.354463
95400.0	1047.779012
95500.0	1048.203457
95600.0	1048.627797
95700.0	1049.052033
95800.0	1049.476165
95900.0	1049.900193
96000.0	1050.324116
96100.0	1050.747935
96200.0	1051.17165
96300.0	1051.595261
96400.0	1052.018768
96500.0	1052.44217
96600.0	1052.865468
96700.0	1053.288662
96800.0	1053.711751
96900.0	1054.134736
97000.0	1054.557617
97100.0	1054.980394
97200.0	1055.403066
97300.0	1055.825634
97400.0	1056.248097
97500.0	1056.670456
97600.0	1057.092711
97700.0	1057.514862
97800.0	1057.936908
97900.0	1058.35885
98000.0	1058.780687
98100.0	1059.20242
98200.0	1059.624049
98300.0	1060.045574
98400.0	1060.466993
98500.0	1060.888309
98600.0	1061.30952
98700.0	1061.730627
98800.0	1062.151629
98900.0	1062.572527
99000.0	1062.99332
99100.0	1063.414009
99200.0	1063.834593
99300.0	1064.255073
99400.0	1064.675449
99500.0	1065.09572
99600.0	1065.515886
99700.0	1065.935948
99800.0	1066.355906
99900.0	1066.775759
100000.0	1067.195507
100100.0	1067.615151
100200.0	1068.034691
100300.0	1068.454126
100400.0	1068.873456
100500.0	1069.292682
100600.0	1069.711803
100700.0	1070.13082
100800.0	1070.549732
100900.0	1070.968539
101000.0	1071.387242
101100.0	1071.805841
101200.0	1072.224334
101300.0	1072.642723
101400.0	1073.061008
101500.0	1073.479188
101600.0	1073.897263
101700.0	1074.315233
101800.0	1074.733099
101900.0	1075.150861
102000.0	1075.568517
102100.0	1075.986069
102200.0	1076.403516
102300.0	1076.820859
102400.0	1077.238097
102500.0	1077.65523
102600.0	1078.072258
102700.0	1078.489182
102800.0	1078.906001
102900.0	1079.322715
103000.0	1079.739325
103100.0	1080.155829
103200.0	1080.572229
103300.0	1080.988525
103400.0	1081.404715
103500.0	1081.820801
103600.0	1082.236782
103700.0	1082.652658
103800.0	1083.068429
103900.0	1083.484096
104000.0	1083.899657
104100.0	1084.315114
104200.0	1084.730466
104300.0	1085.145713
104400.0	1085.560856
104500.0	1085.975893
104600.0	1086.390826
104700.0	1086.805654
104800.0	1087.220376
104900.0	1087.634995
105000.0	1088.049508
105100.0	1088.463916
105200.0	1088.878219
105300.0	1089.292418
105400.0	1089.706511
105500.0	1090.1205
105600.0	1090.534383
105700.0	1090.948162
105800.0	1091.361836
105900.0	1091.775404
106000.0	1092.188868
106100.0	1092.602227
106200.0	1093.015481
106300.0	1093.42863
106400.0	1093.841674
106500.0	1094.254613
106600.0	1094.667446
106700.0	1095.080175
106800.0	1095.492799
106900.0	1095.905318
107000.0	1096.317732
107100.0	1096.73004
107200.0	1097.142244
107300.0	1097.554343
107400.0	1097.966336
107500.0	1098.378225
107600.0	1098.790008
107700.0	1099.201686
107800.0	1099.613259
107900.0	1100.024727
108000.0	1100.43609
108100.0	1100.847348
108200.0	1101.258501
108300.0	1101.669548
108400.0	1102.080491
108500.0	1102.491328
108600.0	1102.90206
108700.0	1103.312687
108800.0	1103.723209
108900.0	1104.133625
109000.0	1104.543937
109100.0	1104.954143
109200.0	1105.364244
109300.0	1105.77424
109400.0	1106.18413
109500.0	1106.593916
109600.0	1107.003596
109700.0	1107.413171
109800.0	1107.82264
109900.0	1108.232005
110000.0	1108.641264
110100.0	1109.050417
110200.0	1109.459466
110300.0	1109.868409
110400.0	1110.277247
110500.0	1110.68598
110600.0	1111.094607
110700.0	1111.503129
110800.0	1111.911546
110900.0	1112.319857
111000.0	1112.728063
111100.0	1113.136164
111200.0	1113.544159
111300.0	1113.952049
111400.0	1114.359834
111500.0	1114.767513
111600.0	1115.175087
111700.0	1115.582555
111800.0	1115.989918
111900.0	1116.397176
112000.0	1116.804328
112100.0	1117.211375
112200.0	1117.618316
112300.0	1118.025152
112400.0	1118.431882
112500.0	1118.838508
112600.0	1119.245027
112700.0	1119.651441
112800.0	1120.05775
112900.0	1120.463953
113000.0	1120.87005
113100.0	1121.276043
113200.0	1121.681929
113300.0	1122.08771
113400.0	1122.493386
113500.0	1122.898956
113600.0	1123.304421
113700.0	1123.70978
113800.0	1124.115033
113900.0	1124.520181
114000.0	1124.925223
114100.0	1125.33016
114200.0	1125.734991
114300.0	1126.139717
114400.0	1126.544337
114500.0	1126.948851
114600.0	1127.35326
114700.0	1127.757563
114800.0	1128.16176
114900.0	1128.565852
115000.0	1128.969838
115100.0	1129.373719
115200.0	1129.777494
115300.0	1130.181163
115400.0	1130.584727
115500.0	1130.988185
115600.0	1131.391537
115700.0	1131.794783
115800.0	1132.197924
115900.0	1132.600959
116000.0	1133.003888
116100.0	1133.406712
116200.0	1133.80943
116300.0	1134.212042
116400.0	1134.614549
116500.0	1135.016949
116600.0	1135.419244
116700.0	1135.821433
116800.0	1136.223517
116900.0	1136.625494
117000.0	1137.027366
117100.0	1137.429132
117200.0	1137.830792
117300.0	1138.232346
117400.0	1138.633795
117500.0	1139.035138
117600.0	1139.436375
117700.0	1139.837506
117800.0	1140.238531
117900.0	1140.63945
118000.0	1141.040263
118100.0	1141.440971
118200.0	1141.841572
118300.0	1142.242068
118400.0	1142.642458
118500.0	1143.042742
118600.0	1143.44292
118700.0	1143.842992
118800.0	1144.242958
118900.0	1144.642818
119000.0	1145.042573
119100.0	1145.442221
119200.0	1145.841763
119300.0	1146.2412
119400.0	1146.64053
119500.0	1147.039755
119600.0	1147.438873
119700.0	1147.837885
119800.0	1148.236792
119900.0	1148.635592
120000.0	1149.034287
120100.0	1149.432875
120200.0	1149.831357
120300.0	1150.229734
120400.0	1150.628004
120500.0	1151.026168
120600.0	1151.424226
120700.0	1151.822178
120800.0	1152.220024
120900.0	1152.617764
121000.0	1153.015397
121100.0	1153.412925
121200.0	1153.810346
121300.0	1154.207662
121400.0	1154.604871
121500.0	1155.001974
121600.0	1155.398971
121700.0	1155.795862
121800.0	1156.192647
121900.0	1156.589325
122000.0	1156.985897
122100.0	1157.382363
122200.0	1157.778723
122300.0	1158.174977
122400.0	1158.571125
122500.0	1158.967166
122600.0	1159.363101
122700.0	1159.75893
122800.0	1160.154652
122900.0	1160.550269
123000.0	1160.945779
123100.0	1161.341183
123200.0	1161.73648
123300.0	1162.131671
123400.0	1162.526756
123500.0	1162.921735
123600.0	1163.316607
123700.0	1163.711374
123800.0	1164.106033
123900.0	1164.500587
124000.0	1164.895034
124100.0	1165.289375
124200.0	1165.683609
124300.0	1166.077737
124400.0	1166.471759
124500.0	1166.865674
124600.0	1167.259483
124700.0	1167.653186
124800.0	1168.046782
124900.0	1168.440272
125000.0	1168.833655
125100.0	1169.226932
125200.0	1169.620103
125300.0	1170.013167
125400.0	1170.406125
125500.0	1170.798976
125600.0	1171.191721
125700.0	1171.584359
125800.0	1171.976891
125900.0	1172.369316
126000.0	1172.761635
126100.0	1173.153847
126200.0	1173.545953
126300.0	1173.937953
126400.0	1174.329845
126500.0	1174.721632
126600.0	1175.113312
126700.0	1175.504885
126800.0	1175.896351
126900.0	1176.287712
127000.0	1176.678965
127100.0	1177.070112
127200.0	1177.461153
127300.0	1177.852087
127400.0	1178.242914
127500.0	1178.633634
127600.0	1179.024249
127700.0	1179.414756
127800.0	1179.805157
127900.0	1180.195451
128000.0	1180.585638
128100.0	1180.975719
128200.0	1181.365694
128300.0	1181.755561
128400.0	1182.145322
128500.0	1182.534976
128600.0	1182.924524
128700.0	1183.313965
128800.0	1183.703299
128900.0	1184.092526
129000.0	1184.481647
129100.0	1184.870661
129200.0	1185.259568
129300.0	1185.648368
129400.0	1186.037062
129500.0	1186.425649
129600.0	1186.814129
129700.0	1187.202503
129800.0	1187.59077
129900.0	1187.978929
130000.0	1188.366983
130100.0	1188.754929
130200.0	1189.142768
130300.0	1189.530501
130400.0	1189.918127
130500.0	1190.305646
130600.0	1190.693058
130700.0	1191.080363
130800.0	1191.467562
130900.0	1191.854653
131000.0	1192.241638
131100.0	1192.628516
131200.0	1193.015287
131300.0	1193.401951
131400.0	1193.788508
131500.0	1194.174958
131600.0	1194.561301
131700.0	1194.947537
131800.0	1195.333667
131900.0	1195.719689
132000.0	1196.105605
132100.0	1196.491413
132200.0	1196.877115
132300.0	1197.26271
132400.0	1197.648197
132500.0	1198.033578
132600.0	1198.418852
132700.0	1198.804018
132800.0	1199.189078
132900.0	1199.57403
133000.0	1199.958876
133100.0	1200.343614
133200.0	1200.728246
133300.0	1201.11277
133400.0	1201.497188
133500.0	1201.881498
133600.0	1202.265701
133700.0	1202.649797
133800.0	1203.033786
133900.0	1203.417668
134000.0	1203.801443
134100.0	1204.185111
134200.0	1204.568671
134300.0	1204.952125
134400.0	1205.335471
134500.0	1205.71871
134600.0	1206.101842
134700.0	1206.484867
134800.0	1206.867785
134900.0	1207.250595
135000.0	1207.633299
135100.0	1208.015895
135200.0	1208.398384
135300.0	1208.780765
135400.0	1209.16304
135500.0	1209.545207
135600.0	1209.927267
135700.0	1210.30922
135800.0	1210.691065
135900.0	1211.072804
136000.0	1211.454435
136100.0	1211.835958
136200.0	1212.217375
136300.0	1212.598684
136400.0	1212.979886
136500.0	1213.36098
136600.0	1213.741967
136700.0	1214.122847
136800.0	1214.50362
136900.0	1214.884285
137000.0	1215.264843
137100.0	1215.645294
137200.0	1216.025637
137300.0	1216.405873
137400.0	1216.786001
137500.0	1217.166022
137600.0	1217.545936
137700.0	1217.925742
137800.0	1218.305441
137900.0	1218.685032
138000.0	1219.064516
138100.0	1219.443893
138200.0	1219.823162
138300.0	1220.202324
138400.0	1220.581378
138500.0	1220.960325
138600.0	1221.339164
138700.0	1221.717896
138800.0	1222.09652
138900.0	1222.475037
139000.0	1222.853446
139100.0	1223.231748
139200.0	1223.609942
139300.0	1223.988029
139400.0	1224.366008
139500.0	1224.74388
139600.0	1225.121644
139700.0	1225.499301
139800.0	1225.87685
139900.0	1226.254291
140000.0	1226.631625
140100.0	1227.008851
140200.0	1227.38597
140300.0	1227.762981
140400.0	1228.139885
140500.0	1228.51668
140600.0	1228.893369
140700.0	1229.269949
140800.0	1229.646422
140900.0	1230.022787
141000.0	1230.399045
141100.0	1230.775195
141200.0	1231.151237
141300.0	1231.527172
141400.0	1231.902999
141500.0	1232.278718
141600.0	1232.654329
141700.0	1233.029833
141800.0	1233.405229
141900.0	1233.780517
142000.0	1234.155698
142100.0	1234.530771
142200.0	1234.905736
142300.0	1235.280593
142400.0	1235.655342
142500.0	1236.029984
142600.0	1236.404518
142700.0	1236.778944
142800.0	1237.153263
142900.0	1237.527473
143000.0	1237.901576
143100.0	1238.275571
143200.0	1238.649458
143300.0	1239.023237
143400.0	1239.396908
143500.0	1239.770472
143600.0	1240.143927
143700.0	1240.517275
143800.0	1240.890515
143900.0	1241.263647
144000.0	1241.636671
144100.0	1242.009587
144200.0	1242.382395
144300.0	1242.755096
144400.0	1243.127688
144500.0	1243.500172
144600.0	1243.872549
144700.0	1244.244817
144800.0	1244.616978
144900.0	1244.989031
145000.0	1245.360975
145100.0	1245.732812
145200.0	1246.10454
145300.0	1246.476161
145400.0	1246.847674
145500.0	1247.219078
145600.0	1247.590375
145700.0	1247.961563
145800.0	1248.332644
145900.0	1248.703616
146000.0	1249.074481
146100.0	1249.445237
146200.0	1249.815885
146300.0	1250.186425
146400.0	1250.556857
146500.0	1250.927181
146600.0	1251.297397
146700.0	1251.667505
146800.0	1252.037504
146900.0	1252.407396
147000.0	1252.777179
147100.0	1253.146854
147200.0	1253.516421
147300.0	1253.88588
147400.0	1254.255231
147500.0	1254.624473
147600.0	1254.993608
147700.0	1255.362634
147800.0	1255.731552
147900.0	1256.100361
148000.0	1256.469063
148100.0	1256.837656
148200.0	1257.206141
148300.0	1257.574518
148400.0	1257.942786
148500.0	1258.310947
148600.0	1258.678998
148700.0	1259.046942
148800.0	1259.414778
148900.0	1259.782505
149000.0	1260.150124
149100.0	1260.517634
149200.0	1260.885036
149300.0	1261.25233
149400.0	1261.619516
149500.0	1261.986593
149600.0	1262.353562
149700.0	1262.720422
149800.0	1263.087174
149900.0	1263.453818
150000.0	1263.820353
150100.0	1264.18678
150200.0	1264.553099
150300.0	1264.919309
150400.0	1265.285411
150500.0	1265.651404
150600.0	1266.017289
150700.0	1266.383065
150800.0	1266.748733
150900.0	1267.114293
151000.0	1267.479744
151100.0	1267.845087
151200.0	1268.210321
151300.0	1268.575447
151400.0	1268.940464
151500.0	1269.305372
151600.0	1269.670172
151700.0	1270.034864
151800.0	1270.399447
151900.0	1270.763922
152000.0	1271.128288
152100.0	1271.492545
152200.0	1271.856694
152300.0	1272.220735
152400.0	1272.584666
152500.0	1272.948489
152600.0	1273.312204
152700.0	1273.67581
152800.0	1274.039307
152900.0	1274.402696
153000.0	1274.765976
153100.0	1275.129148
153200.0	1275.492211
153300.0	1275.855165
153400.0	1276.21801
153500.0	1276.580747
153600.0	1276.943376
153700.0	1277.305895
153800.0	1277.668306
153900.0	1278.030608
154000.0	1278.392802
154100.0	1278.754886
154200.0	1279.116862
154300.0	1279.47873
154400.0	1279.840488
154500.0	1280.202138
154600.0	1280.563679
154700.0	1280.925111
154800.0	1281.286435
154900.0	1281.647649
155000.0	1282.008755
155100.0	1282.369752
155200.0	1282.730641
155300.0	1283.09142
155400.0	1283.452091
155500.0	1283.812653
155600.0	1284.173106
155700.0	1284.53345
155800.0	1284.893686
155900.0	1285.253812
156000.0	1285.61383
156100.0	1285.973738
156200.0	1286.333538
156300.0	1286.693229
156400.0	1287.052811
156500.0	1287.412284
156600.0	1287.771649
156700.0	1288.130904
156800.0	1288.49005
156900.0	1288.849088
157000.0	1289.208016
157100.0	1289.566836
157200.0	1289.925546
157300.0	1290.284148
157400.0	1290.64264
157500.0	1291.001024
157600.0	1291.359299
157700.0	1291.717464
157800.0	1292.075521
157900.0	1292.433468
158000.0	1292.791307
158100.0	1293.149036
158200.0	1293.506657
158300.0	1293.864168
158400.0	1294.221571
158500.0	1294.578864
158600.0	1294.936048
158700.0	1295.293123
158800.0	1295.650089
158900.0	1296.006946
159000.0	1296.363694
159100.0	1296.720332
159200.0	1297.076862
159300.0	1297.433282
159400.0	1297.789593
159500.0	1298.145795
159600.0	1298.501888
159700.0	1298.857872
159800.0	1299.213747
159900.0	1299.569512
160000.0	1299.925168
160100.0	1300.280715
160200.0	1300.636153
160300.0	1300.991481
160400.0	1301.346701
160500.0	1301.701811
160600.0	1302.056812
160700.0	1302.411703
160800.0	1302.766485
160900.0	1303.121159
161000.0	1303.475722
161100.0	1303.830177
161200.0	1304.184522
161300.0	1304.538758
161400.0	1304.892884
161500.0	1305.246902
161600.0	1305.60081
161700.0	1305.954608
161800.0	1306.308297
161900.0	1306.661877
162000.0	1307.015348
162100.0	1307.368709
162200.0	1307.721961
162300.0	1308.075103
162400.0	1308.428136
162500.0	1308.78106
162600.0	1309.133874
162700.0	1309.486579
162800.0	1309.839174
162900.0	1310.19166
163000.0	1310.544036
163100.0	1310.896303
163200.0	1311.248461
163300.0	1311.600509
163400.0	1311.952448
163500.0	1312.304277
163600.0	1312.655996
163700.0	1313.007607
163800.0	1313.359107
163900.0	1313.710498
164000.0	1314.06178
164100.0	1314.412952
164200.0	1314.764014
164300.0	1315.114967
164400.0	1315.465811
164500.0	1315.816545
164600.0	1316.167169
164700.0	1316.517684
164800.0	1316.868089
164900.0	1317.218384
165000.0	1317.56857
165100.0	1317.918646
165200.0	1318.268613
165300.0	1318.61847
165400.0	1318.968217
165500.0	1319.317855
165600.0	1319.667383
165700.0	1320.016801
165800.0	1320.36611
165900.0	1320.715309
166000.0	1321.064398
166100.0	1321.413378
166200.0	1321.762248
166300.0	1322.111008
166400.0	1322.459659
166500.0	1322.808199
166600.0	1323.15663
166700.0	1323.504952
166800.0	1323.853163
166900.0	1324.201265
167000.0	1324.549257
167100.0	1324.897139
167200.0	1325.244912
167300.0	1325.592574
167400.0	1325.940127
167500.0	1326.28757
167600.0	1326.634903
167700.0	1326.982126
167800.0	1327.32924
167900.0	1327.676243
168000.0	1328.023137
168100.0	1328.369921
168200.0	1328.716595
168300.0	1329.063159
168400.0	1329.409614
168500.0	1329.755958
168600.0	1330.102192
168700.0	1330.448317
168800.0	1330.794332
168900.0	1331.140236
169000.0	1331.486031
169100.0	1331.831716
169200.0	1332.177291
169300.0	1332.522755
169400.0	1332.86811
169500.0	1333.213355
169600.0	1333.55849
169700.0	1333.903515
169800.0	1334.24843
169900.0	1334.593235
170000.0	1334.93793
170100.0	1335.282515
170200.0	1335.626989
170300.0	1335.971354
170400.0	1336.315609
170500.0	1336.659753
170600.0	1337.003788
170700.0	1337.347712
170800.0	1337.691527
170900.0	1338.035231
171000.0	1338.378825
171100.0	1338.722309
171200.0	1339.065683
171300.0	1339.408947
171400.0	1339.752101
171500.0	1340.095144
171600.0	1340.438078
171700.0	1340.780901
171800.0	1341.123614
171900.0	1341.466217
172000.0	1341.808709
172100.0	1342.151092
172200.0	1342.493364
172300.0	1342.835526
172400.0	1343.177578
172500.0	1343.519519
172600.0	1343.861351
172700.0	1344.203072
172800.0	1344.544682
172900.0	1344.886183
173000.0	1345.227573
173100.0	1345.568853
173200.0	1345.910023
173300.0	1346.251082
173400.0	1346.592031
173500.0	1346.93287
173600.0	1347.273598
173700.0	1347.614217
173800.0	1347.954724
173900.0	1348.295122
174000.0	1348.635409
174100.0	1348.975585
174200.0	1349.315652
174300.0	1349.655608
174400.0	1349.995453
174500.0	1350.335188
174600.0	1350.674813
174700.0	1351.014327
174800.0	1351.353731
174900.0	1351.693025
175000.0	1352.032207
175100.0	1352.37128
175200.0	1352.710242
175300.0	1353.049094
175400.0	1353.387835
175500.0	1353.726465
175600.0	1354.064986
175700.0	1354.403395
175800.0	1354.741694
175900.0	1355.079883
176000.0	1355.417961
176100.0	1355.755929
176200.0	1356.093786
176300.0	1356.431532
176400.0	1356.769168
176500.0	1357.106693
176600.0	1357.444108
176700.0	1357.781412
176800.0	1358.118606
176900.0	1358.455689
177000.0	1358.792661
177100.0	1359.129523
177200.0	1359.466274
177300.0	1359.802914
177400.0	1360.139444
177500.0	1360.475863
177600.0	1360.812172
177700.0	1361.148369
177800.0	1361.484456
177900.0	1361.820433
178000.0	1362.156299
178100.0	1362.492054
178200.0	1362.827698
178300.0	1363.163232
178400.0	1363.498654
178500.0	1363.833967
178600.0	1364.169168
178700.0	1364.504259
178800.0	1364.839238
178900.0	1365.174108
179000.0	1365.508866
179100.0	1365.843513
179200.0	1366.17805
179300.0	1366.512476
179400.0	1366.846791
179500.0	1367.180995
179600.0	1367.515089
179700.0	1367.849071
179800.0	1368.182943
179900.0	1368.516704
180000.0	1368.850354
180100.0	1369.183893
180200.0	1369.517321
180300.0	1369.850639
180400.0	1370.183845
180500.0	1370.516941
180600.0	1370.849925
180700.0	1371.182799
180800.0	1371.515562
180900.0	1371.848214
181000.0	1372.180755
181100.0	1372.513184
181200.0	1372.845503
181300.0	1373.177711
181400.0	1373.509808
181500.0	1373.841794
181600.0	1374.173669
181700.0	1374.505433
181800.0	1374.837086
181900.0	1375.168628
182000.0	1375.500059
182100.0	1375.831379
182200.0	1376.162588
182300.0	1376.493685
182400.0	1376.824672
182500.0	1377.155548
182600.0	1377.486312
182700.0	1377.816965
182800.0	1378.147508
182900.0	1378.477939
183000.0	1378.808259
183100.0	1379.138468
183200.0	1379.468566
183300.0	1379.798552
183400.0	1380.128428
183500.0	1380.458192
183600.0	1380.787845
183700.0	1381.117387
183800.0	1381.446818
183900.0	1381.776137
184000.0	1382.105346
184100.0	1382.434443
184200.0	1382.763429
184300.0	1383.092303
184400.0	1383.421067
184500.0	1383.749719
184600.0	1384.07826
184700.0	1384.406689
184800.0	1384.735008
184900.0	1385.063215
185000.0	1385.391311
185100.0	1385.719295
185200.0	1386.047168
185300.0	1386.37493
185400.0	1386.702581
185500.0	1387.03012
185600.0	1387.357548
185700.0	1387.684864
185800.0	1388.012069
185900.0	1388.339163
186000.0	1388.666145
186100.0	1388.993016
186200.0	1389.319776
186300.0	1389.646424
186400.0	1389.972961
186500.0	1390.299386
186600.0	1390.6257
186700.0	1390.951903
186800.0	1391.277994
186900.0	1391.603973
187000.0	1391.929841
187100.0	1392.255598
187200.0	1392.581243
187300.0	1392.906777
187400.0	1393.232199
187500.0	1393.557509
187600.0	1393.882709
187700.0	1394.207796
187800.0	1394.532772
187900.0	1394.857637
188000.0	1395.18239
188100.0	1395.507031
188200.0	1395.831561
188300.0	1396.155979
188400.0	1396.480286
188500.0	1396.804481
188600.0	1397.128564
188700.0	1397.452536
188800.0	1397.776396
188900.0	1398.100145
189000.0	1398.423782
189100.0	1398.747307
189200.0	1399.070721
189300.0	1399.394023
189400.0	1399.717213
189500.0	1400.040292
189600.0	1400.363259
189700.0	1400.686114
189800.0	1401.008858
189900.0	1401.33149
190000.0	1401.65401
190100.0	1401.976418
190200.0	1402.298715
190300.0	1402.620899
190400.0	1402.942973
190500.0	1403.264934
190600.0	1403.586784
190700.0	1403.908521
190800.0	1404.230147
190900.0	1404.551661
191000.0	1404.873064
191100.0	1405.194354
191200.0	1405.515533
191300.0	1405.8366
191400.0	1406.157555
191500.0	1406.478398
191600.0	1406.79913
191700.0	1407.119749
191800.0	1407.440257
191900.0	1407.760652
192000.0	1408.080936
192100.0	1408.401108
192200.0	1408.721168
192300.0	1409.041116
192400.0	1409.360952
192500.0	1409.680676
192600.0	1410.000288
192700.0	1410.319789
192800.0	1410.639177
192900.0	1410.958453
193000.0	1411.277617
193100.0	1411.59667
193200.0	1411.91561
193300.0	1412.234438
193400.0	1412.553155
193500.0	1412.871759
193600.0	1413.190251
193700.0	1413.508631
193800.0	1413.826899
193900.0	1414.145055
194000.0	1414.463099
194100.0	1414.781031
194200.0	1415.098851
194300.0	1415.416559
194400.0	1415.734154
194500.0	1416.051638
194600.0	1416.369009
194700.0	1416.686269
194800.0	1417.003416
194900.0	1417.320451
195000.0	1417.637373
195100.0	1417.954184
195200.0	1418.270882
195300.0	1418.587469
195400.0	1418.903943
195500.0	1419.220305
195600.0	1419.536554
195700.0	1419.852692
195800.0	1420.168717
195900.0	1420.48463
196000.0	1420.80043
196100.0	1421.116119
196200.0	1421.431695
196300.0	1421.747159
196400.0	1422.062511
196500.0	1422.37775
196600.0	1422.692877
196700.0	1423.007892
196800.0	1423.322794
196900.0	1423.637584
197000.0	1423.952262
197100.0	1424.266827
197200.0	1424.58128
197300.0	1424.895621
197400.0	1425.209849
197500.0	1425.523965
197600.0	1425.837969
197700.0	1426.15186
197800.0	1426.465639
197900.0	1426.779305
198000.0	1427.092859
198100.0	1427.4063
198200.0	1427.719629
198300.0	1428.032846
198400.0	1428.34595
198500.0	1428.658942
198600.0	1428.971821
198700.0	1429.284588
198800.0	1429.597242
198900.0	1429.909784
199000.0	1430.222213
199100.0	1430.534529
199200.0	1430.846734
199300.0	1431.158825
199400.0	1431.470804
199500.0	1431.782671
199600.0	1432.094425
199700.0	1432.406066
199800.0	1432.717595
199900.0	1433.029011
200000.0	1433.340315
200100.0	1433.651506
200200.0	1433.962584
200300.0	1434.27355
200400.0	1434.584403
200500.0	1434.895144
200600.0	1435.205771
200700.0	1435.516287
200800.0	1435.826689
200900.0	1436.136979
201000.0	1436.447156
201100.0	1436.757221
201200.0	1437.067172
201300.0	1437.377011
201400.0	1437.686738
201500.0	1437.996351
201600.0	1438.305852
201700.0	1438.61524
201800.0	1438.924515
201900.0	1439.233678
202000.0	1439.542728
202100.0	1439.851665
202200.0	1440.160489
202300.0	1440.4692
202400.0	1440.777799
202500.0	1441.086285
202600.0	1441.394658
202700.0	1441.702918
202800.0	1442.011065
202900.0	1442.3191
203000.0	1442.627021
203100.0	1442.93483
203200.0	1443.242526
203300.0	1443.550108
203400.0	1443.857578
203500.0	1444.164936
203600.0	1444.47218
203700.0	1444.779311
203800.0	1445.086329
203900.0	1445.393235
204000.0	1445.700027
204100.0	1446.006707
204200.0	1446.313273
204300.0	1446.619727
204400.0	1446.926067
204500.0	1447.232295
204600.0	1447.538409
204700.0	1447.844411
204800.0	1448.150299
204900.0	1448.456075
205000.0	1448.761737
205100.0	1449.067287
205200.0	1449.372723
205300.0	1449.678046
205400.0	1449.983256
205500.0	1450.288353
205600.0	1450.593337
205700.0	1450.898208
205800.0	1451.202966
205900.0	1451.507611
206000.0	1451.812142
206100.0	1452.11656
206200.0	1452.420866
206300.0	1452.725058
206400.0	1453.029137
206500.0	1453.333102
206600.0	1453.636955
206700.0	1453.940694
206800.0	1454.24432
206900.0	1454.547833
207000.0	1454.851233
207100.0	1455.15452
207200.0	1455.457693
207300.0	1455.760753
207400.0	1456.0637
207500.0	1456.366533
207600.0	1456.669253
207700.0	1456.97186
207800.0	1457.274354
207900.0	1457.576734
208000.0	1457.879001
208100.0	1458.181155
208200.0	1458.483196
208300.0	1458.785123
208400.0	1459.086936
208500.0	1459.388637
208600.0	1459.690224
208700.0	1459.991697
208800.0	1460.293058
208900.0	1460.594304
209000.0	1460.895438
209100.0	1461.196458
209200.0	1461.497365
209300.0	1461.798158
209400.0	1462.098838
209500.0	1462.399404
209600.0	1462.699857
209700.0	1463.000196
209800.0	1463.300422
209900.0	1463.600535
210000.0	1463.900534
210100.0	1464.200419
210200.0	1464.500191
210300.0	1464.79985
210400.0	1465.099395
210500.0	1465.398826
210600.0	1465.698144
210700.0	1465.997348
210800.0	1466.296439
210900.0	1466.595416
211000.0	1466.89428
211100.0	1467.19303
211200.0	1467.491666
211300.0	1467.790189
211400.0	1468.088598
211500.0	1468.386894
211600.0	1468.685076
211700.0	1468.983144
211800.0	1469.281099
211900.0	1469.57894
212000.0	1469.876667
212100.0	1470.174281
212200.0	1470.471781
212300.0	1470.769167
212400.0	1471.06644
212500.0	1471.363599
212600.0	1471.660644
212700.0	1471.957575
212800.0	1472.254393
212900.0	1472.551097
213000.0	1472.847687
213100.0	1473.144164
213200.0	1473.440526
213300.0	1473.736775
213400.0	1474.03291
213500.0	1474.328932
213600.0	1474.624839
213700.0	1474.920633
213800.0	1475.216312
213900.0	1475.511878
214000.0	1475.80733
214100.0	1476.102669
214200.0	1476.397893
214300.0	1476.693004
214400.0	1476.988
214500.0	1477.282883
214600.0	1477.577652
214700.0	1477.872307
214800.0	1478.166848
214900.0	1478.461275
215000.0	1478.755588
215100.0	1479.049787
215200.0	1479.343872
215300.0	1479.637844
215400.0	1479.931701
215500.0	1480.225444
215600.0	1480.519074
215700.0	1480.812589
215800.0	1481.10599
215900.0	1481.399278
216000.0	1481.692451
216100.0	1481.98551
216200.0	1482.278455
216300.0	1482.571286
216400.0	1482.864003
216500.0	1483.156606
216600.0	1483.449095
216700.0	1483.74147
216800.0	1484.033731
216900.0	1484.325877
217000.0	1484.61791
217100.0	1484.909828
217200.0	1485.201632
217300.0	1485.493322
217400.0	1485.784898
217500.0	1486.07636
217600.0	1486.367708
217700.0	1486.658941
217800.0	1486.95006
217900.0	1487.241065
218000.0	1487.531956
218100.0	1487.822733
218200.0	1488.113395
218300.0	1488.403943
218400.0	1488.694377
218500.0	1488.984696
218600.0	1489.274902
218700.0	1489.564993
218800.0	1489.85497
218900.0	1490.144832
219000.0	1490.43458
219100.0	1490.724214
219200.0	1491.013734
219300.0	1491.303139
219400.0	1491.59243
219500.0	1491.881606
219600.0	1492.170668
219700.0	1492.459616
219800.0	1492.74845
219900.0	1493.037169
220000.0	1493.325773
220100.0	1493.614264
220200.0	1493.902639
220300.0	1494.190901
220400.0	1494.479048
220500.0	1494.76708
220600.0	1495.054998
220700.0	1495.342802
220800.0	1495.630491
220900.0	1495.918066
221000.0	1496.205526
221100.0	1496.492872
221200.0	1496.780103
221300.0	1497.06722
221400.0	1497.354222
221500.0	1497.64111
221600.0	1497.927883
221700.0	1498.214541
221800.0	1498.501085
221900.0	1498.787515
222000.0	1499.07383
222100.0	1499.36003
222200.0	1499.646116
222300.0	1499.932087
222400.0	1500.217943
222500.0	1500.503685
222600.0	1500.789312
222700.0	1501.074825
222800.0	1501.360223
222900.0	1501.645506
223000.0	1501.930675
223100.0	1502.215729
223200.0	1502.500668
223300.0	1502.785493
223400.0	1503.070202
223500.0	1503.354798
223600.0	1503.639278
223700.0	1503.923644
223800.0	1504.207895
223900.0	1504.492031
224000.0	1504.776052
224100.0	1505.059959
224200.0	1505.343751
224300.0	1505.627428
224400.0	1505.91099
224500.0	1506.194438
224600.0	1506.47777
224700.0	1506.760988
224800.0	1507.044091
224900.0	1507.327079
225000.0	1507.609953
225100.0	1507.892711
225200.0	1508.175355
225300.0	1508.457884
225400.0	1508.740297
225500.0	1509.022596
225600.0	1509.30478
225700.0	1509.586849
225800.0	1509.868804
225900.0	1510.150643
226000.0	1510.432367
226100.0	1510.713977
226200.0	1510.995471
226300.0	1511.27685
226400.0	1511.558115
226500.0	1511.839264
226600.0	1512.120299
226700.0	1512.401218
226800.0	1512.682023
226900.0	1512.962712
227000.0	1513.243286
227100.0	1513.523746
227200.0	1513.80409
227300.0	1514.084319
227400.0	1514.364433
227500.0	1514.644432
227600.0	1514.924316
227700.0	1515.204085
227800.0	1515.483739
227900.0	1515.763277
228000.0	1516.042701
228100.0	1516.322009
228200.0	1516.601202
228300.0	1516.88028
228400.0	1517.159243
228500.0	1517.438091
228600.0	1517.716824
228700.0	1517.995441
228800.0	1518.273943
228900.0	1518.55233
229000.0	1518.830602
229100.0	1519.108758
229200.0	1519.386799
229300.0	1519.664725
229400.0	1519.942536
229500.0	1520.220231
229600.0	1520.497812
229700.0	1520.775276
229800.0	1521.052626
229900.0	1521.32986
230000.0	1521.606979
230100.0	1521.883983
230200.0	1522.160871
230300.0	1522.437644
230400.0	1522.714302
230500.0	1522.990844
230600.0	1523.267271
230700.0	1523.543582
230800.0	1523.819779
230900.0	1524.095859
231000.0	1524.371825
231100.0	1524.647674
231200.0	1524.923409
231300.0	1525.199028
231400.0	1525.474531
231500.0	1525.74992
231600.0	1526.025192
231700.0	1526.300349
231800.0	1526.575391
231900.0	1526.850317
232000.0	1527.125128
232100.0	1527.399823
232200.0	1527.674403
232300.0	1527.948867
232400.0	1528.223216
232500.0	1528.497449
232600.0	1528.771566
232700.0	1529.045568
232800.0	1529.319455
232900.0	1529.593225
233000.0	1529.866881
233100.0	1530.14042
233200.0	1530.413844
233300.0	1530.687153
233400.0	1530.960345
233500.0	1531.233422
233600.0	1531.506384
233700.0	1531.77923
233800.0	1532.05196
233900.0	1532.324574
234000.0	1532.597073
234100.0	1532.869456
234200.0	1533.141723
234300.0	1533.413875
234400.0	1533.685911
234500.0	1533.957831
234600.0	1534.229635
234700.0	1534.501324
234800.0	1534.772897
234900.0	1535.044354
235000.0	1535.315695
235100.0	1535.586921
235200.0	1535.858031
235300.0	1536.129025
235400.0	1536.399903
235500.0	1536.670665
235600.0	1536.941311
235700.0	1537.211842
235800.0	1537.482257
235900.0	1537.752556
236000.0	1538.022739
236100.0	1538.292806
236200.0	1538.562757
236300.0	1538.832592
236400.0	1539.102312
236500.0	1539.371915
236600.0	1539.641403
236700.0	1539.910774
236800.0	1540.18003
236900.0	1540.44917
237000.0	1540.718194
237100.0	1540.987101
237200.0	1541.255893
237300.0	1541.524569
237400.0	1541.793129
237500.0	1542.061572
237600.0	1542.3299
237700.0	1542.598112
237800.0	1542.866207
237900.0	1543.134187
238000.0	1543.40205
238100.0	1543.669798
238200.0	1543.937429
238300.0	1544.204945
238400.0	1544.472344
238500.0	1544.739627
238600.0	1545.006794
238700.0	1545.273845
238800.0	1545.540779
238900.0	1545.807598
239000.0	1546.0743
239100.0	1546.340886
239200.0	1546.607356
239300.0	1546.87371
239400.0	1547.139948
239500.0	1547.406069
239600.0	1547.672074
239700.0	1547.937963
239800.0	1548.203736
239900.0	1548.469393
240000.0	1548.734933
240100.0	1549.000357
240200.0	1549.265665
240300.0	1549.530856
240400.0	1549.795931
240500.0	1550.06089
240600.0	1550.325733
240700.0	1550.590459
240800.0	1550.855069
240900.0	1551.119562
241000.0	1551.383939
241100.0	1551.6482
241200.0	1551.912345
241300.0	1552.176373
241400.0	1552.440285
241500.0	1552.70408
241600.0	1552.967759
241700.0	1553.231321
241800.0	1553.494767
241900.0	1553.758097
242000.0	1554.02131
242100.0	1554.284407
242200.0	1554.547387
242300.0	1554.810251
242400.0	1555.072999
242500.0	1555.335629
242600.0	1555.598144
242700.0	1555.860542
242800.0	1556.122823
242900.0	1556.384988
243000.0	1556.647036
243100.0	1556.908968
243200.0	1557.170783
243300.0	1557.432481
243400.0	1557.694063
243500.0	1557.955529
243600.0	1558.216878
243700.0	1558.47811
243800.0	1558.739225
243900.0	1559.000224
244000.0	1559.261107
244100.0	1559.521872
244200.0	1559.782522
244300.0	1560.043054
244400.0	1560.30347
244500.0	1560.563769
244600.0	1560.823951
244700.0	1561.084017
244800.0	1561.343966
244900.0	1561.603798
245000.0	1561.863513
245100.0	1562.123112
245200.0	1562.382594
245300.0	1562.641959
245400.0	1562.901208
245500.0	1563.16034
245600.0	1563.419354
245700.0	1563.678253
245800.0	1563.937034
245900.0	1564.195698
246000.0	1564.454246
246100.0	1564.712677
246200.0	1564.970991
246300.0	1565.229188
246400.0	1565.487268
246500.0	1565.745232
246600.0	1566.003078
246700.0	1566.260808
246800.0	1566.518421
246900.0	1566.775916
247000.0	1567.033295
247100.0	1567.290557
247200.0	1567.547702
247300.0	1567.804731
247400.0	1568.061642
247500.0	1568.318436
247600.0	1568.575113
247700.0	1568.831673
247800.0	1569.088116
247900.0	1569.344443
248000.0	1569.600652
248100.0	1569.856744
248200.0	1570.112719
248300.0	1570.368577
248400.0	1570.624318
248500.0	1570.879942
248600.0	1571.135449
248700.0	1571.390839
248800.0	1571.646111
248900.0	1571.901267
249000.0	1572.156306
249100.0	1572.411227
249200.0	1572.666031
249300.0	1572.920718
249400.0	1573.175288
249500.0	1573.429741
249600.0	1573.684077
249700.0	1573.938295
249800.0	1574.192396
249900.0	1574.44638
250000.0	1574.700247
250100.0	1574.953997
250200.0	1575.207629
250300.0	1575.461144
250400.0	1575.714542
250500.0	1575.967823
250600.0	1576.220986
250700.0	1576.474032
250800.0	1576.726961
250900.0	1576.979773
251000.0	1577.232467
251100.0	1577.485044
251200.0	1577.737503
251300.0	1577.989846
251400.0	1578.24207
251500.0	1578.494178
251600.0	1578.746168
251700.0	1578.998041
251800.0	1579.249796
251900.0	1579.501434
252000.0	1579.752955
252100.0	1580.004358
252200.0	1580.255644
252300.0	1580.506812
252400.0	1580.757863
252500.0	1581.008797
252600.0	1581.259613
252700.0	1581.510311
252800.0	1581.760892
252900.0	1582.011356
253000.0	1582.261702
253100.0	1582.511931
253200.0	1582.762042
253300.0	1583.012035
253400.0	1583.261911
253500.0	1583.51167
253600.0	1583.761311
253700.0	1584.010834
253800.0	1584.26024
253900.0	1584.509528
254000.0	1584.758698
254100.0	1585.007751
254200.0	1585.256687
254300.0	1585.505504
254400.0	1585.754204
254500.0	1586.002787
254600.0	1586.251252
254700.0	1586.499599
254800.0	1586.747828
254900.0	1586.99594
255000.0	1587.243934
255100.0	1587.49181
255200.0	1587.739569
255300.0	1587.98721
255400.0	1588.234733
255500.0	1588.482138
255600.0	1588.729426
255700.0	1588.976596
255800.0	1589.223648
255900.0	1589.470583
256000.0	1589.717399
256100.0	1589.964098
256200.0	1590.210679
256300.0	1590.457142
256400.0	1590.703488
256500.0	1590.949715
256600.0	1591.195825
256700.0	1591.441816
256800.0	1591.68769
256900.0	1591.933446
257000.0	1592.179085
257100.0	1592.424605
257200.0	1592.670007
257300.0	1592.915292
257400.0	1593.160458
257500.0	1593.405507
257600.0	1593.650437
257700.0	1593.89525
257800.0	1594.139945
257900.0	1594.384521
258000.0	1594.62898
258100.0	1594.873321
258200.0	1595.117543
258300.0	1595.361648
258400.0	1595.605635
258500.0	1595.849504
258600.0	1596.093254
258700.0	1596.336887
258800.0	1596.580401
258900.0	1596.823798
259000.0	1597.067076
259100.0	1597.310236
259200.0	1597.553278
259300.0	1597.796202
259400.0	1598.039008
259500.0	1598.281696
259600.0	1598.524266
259700.0	1598.766717
259800.0	1599.00905
259900.0	1599.251265
260000.0	1599.493362
260100.0	1599.735341
260200.0	1599.977202
260300.0	1600.218944
260400.0	1600.460568
260500.0	1600.702074
260600.0	1600.943462
260700.0	1601.184731
260800.0	1601.425882
260900.0	1601.666915
261000.0	1601.90783
261100.0	1602.148626
261200.0	1602.389304
261300.0	1602.629864
261400.0	1602.870305
261500.0	1603.110628
261600.0	1603.350833
261700.0	1603.590919
261800.0	1603.830887
261900.0	1604.070737
262000.0	1604.310468
262100.0	1604.550081
262200.0	1604.789575
262300.0	1605.028951
262400.0	1605.268209
262500.0	1605.507348
262600.0	1605.746369
262700.0	1605.985271
262800.0	1606.224055
262900.0	1606.462721
263000.0	1606.701267
263100.0	1606.939696
263200.0	1607.178006
263300.0	1607.416197
263400.0	1607.65427
263500.0	1607.892225
263600.0	1608.13006
263700.0	1608.367778
263800.0	1608.605376
263900.0	1608.842857
264000.0	1609.080218
264100.0	1609.317461
264200.0	1609.554586
264300.0	1609.791591
264400.0	1610.028479
264500.0	1610.265247
264600.0	1610.501897
264700.0	1610.738428
264800.0	1610.974841
264900.0	1611.211135
265000.0	1611.44731
265100.0	1611.683367
265200.0	1611.919305
265300.0	1612.155124
265400.0	1612.390824
265500.0	1612.626406
265600.0	1612.861869
265700.0	1613.097213
265800.0	1613.332439
265900.0	1613.567546
266000.0	1613.802534
266100.0	1614.037403
266200.0	1614.272153
266300.0	1614.506785
266400.0	1614.741298
266500.0	1614.975692
266600.0	1615.209967
266700.0	1615.444123
266800.0	1615.67816
266900.0	1615.912079
267000.0	1616.145879
267100.0	1616.379559
267200.0	1616.613121
267300.0	1616.846564
267400.0	1617.079888
267500.0	1617.313094
267600.0	1617.54618
267700.0	1617.779147
267800.0	1618.011995
267900.0	1618.244725
268000.0	1618.477335
268100.0	1618.709827
268200.0	1618.942199
268300.0	1619.174453
268400.0	1619.406587
268500.0	1619.638602
268600.0	1619.870499
268700.0	1620.102276
268800.0	1620.333934
268900.0	1620.565473
269000.0	1620.796893
269100.0	1621.028195
269200.0	1621.259376
269300.0	1621.490439
269400.0	1621.721383
269500.0	1621.952208
269600.0	1622.182913
269700.0	1622.413499
269800.0	1622.643967
269900.0	1622.874315
270000.0	1623.104543
270100.0	1623.334653
270200.0	1623.564643
270300.0	1623.794515
270400.0	1624.024267
270500.0	1624.2539
270600.0	1624.483413
270700.0	1624.712807
270800.0	1624.942083
270900.0	1625.171238
271000.0	1625.400275
271100.0	1625.629192
271200.0	1625.85799
271300.0	1626.086669
271400.0	1626.315228
271500.0	1626.543668
271600.0	1626.771989
271700.0	1627.00019
271800.0	1627.228272
271900.0	1627.456235
272000.0	1627.684078
272100.0	1627.911802
272200.0	1628.139406
272300.0	1628.366891
272400.0	1628.594257
272500.0	1628.821503
272600.0	1629.04863
272700.0	1629.275637
272800.0	1629.502525
272900.0	1629.729294
273000.0	1629.955943
273100.0	1630.182472
273200.0	1630.408882
273300.0	1630.635173
273400.0	1630.861344
273500.0	1631.087395
273600.0	1631.313327
273700.0	1631.539139
273800.0	1631.764832
273900.0	1631.990405
274000.0	1632.215859
274100.0	1632.441193
274200.0	1632.666408
274300.0	1632.891502
274400.0	1633.116478
274500.0	1633.341333
274600.0	1633.566069
274700.0	1633.790686
274800.0	1634.015182
274900.0	1634.239559
275000.0	1634.463817
275100.0	1634.687954
275200.0	1634.911972
275300.0	1635.135871
275400.0	1635.359649
275500.0	1635.583308
275600.0	1635.806847
275700.0	1636.030267
275800.0	1636.253566
275900.0	1636.476746
276000.0	1636.699806
276100.0	1636.922746
276200.0	1637.145567
276300.0	1637.368267
276400.0	1637.590848
276500.0	1637.813309
276600.0	1638.03565
276700.0	1638.257872
276800.0	1638.479973
276900.0	1638.701955
277000.0	1638.923816
277100.0	1639.145558
277200.0	1639.36718
277300.0	1639.588682
277400.0	1639.810064
277500.0	1640.031326
277600.0	1640.252469
277700.0	1640.473491
277800.0	1640.694393
277900.0	1640.915176
278000.0	1641.135838
278100.0	1641.35638
278200.0	1641.576803
278300.0	1641.797105
278400.0	1642.017287
278500.0	1642.23735
278600.0	1642.457292
278700.0	1642.677114
278800.0	1642.896816
278900.0	1643.116399
279000.0	1643.335861
279100.0	1643.555202
279200.0	1643.774424
279300.0	1643.993526
279400.0	1644.212508
279500.0	1644.431369
279600.0	1644.65011
279700.0	1644.868731
279800.0	1645.087232
279900.0	1645.305613
280000.0	1645.523874
280100.0	1645.742014
280200.0	1645.960035
280300.0	1646.177935
280400.0	1646.395714
280500.0	1646.613374
280600.0	1646.830913
280700.0	1647.048332
280800.0	1647.265631
280900.0	1647.48281
281000.0	1647.699868
281100.0	1647.916806
281200.0	1648.133624
281300.0	1648.350321
281400.0	1648.566898
281500.0	1648.783355
281600.0	1648.999691
281700.0	1649.215907
281800.0	1649.432002
281900.0	1649.647978
282000.0	1649.863832
282100.0	1650.079567
282200.0	1650.295181
282300.0	1650.510675
282400.0	1650.726048
282500.0	1650.9413
282600.0	1651.156433
282700.0	1651.371445
282800.0	1651.586336
282900.0	1651.801107
283000.0	1652.015757
283100.0	1652.230287
283200.0	1652.444696
283300.0	1652.658985
283400.0	1652.873154
283500.0	1653.087201
283600.0	1653.301129
283700.0	1653.514935
283800.0	1653.728621
283900.0	1653.942187
284000.0	1654.155632
284100.0	1654.368956
284200.0	1654.58216
284300.0	1654.795243
284400.0	1655.008205
284500.0	1655.221047
284600.0	1655.433768
284700.0	1655.646369
284800.0	1655.858849
284900.0	1656.071208
285000.0	1656.283446
285100.0	1656.495564
285200.0	1656.707561
285300.0	1656.919437
285400.0	1657.131193
285500.0	1657.342828
285600.0	1657.554342
285700.0	1657.765735
285800.0	1657.977008
285900.0	1658.188159
286000.0	1658.39919
286100.0	1658.6101
286200.0	1658.82089
286300.0	1659.031558
286400.0	1659.242106
286500.0	1659.452532
286600.0	1659.662838
286700.0	1659.873023
286800.0	1660.083088
286900.0	1660.293031
287000.0	1660.502853
287100.0	1660.712555
287200.0	1660.922135
287300.0	1661.131595
287400.0	1661.340933
287500.0	1661.550151
287600.0	1661.759248
287700.0	1661.968224
287800.0	1662.177078
287900.0	1662.385812
288000.0	1662.594425
288100.0	1662.802917
288200.0	1663.011288
288300.0	1663.219537
288400.0	1663.427666
288500.0	1663.635674
288600.0	1663.84356
288700.0	1664.051326
288800.0	1664.25897
288900.0	1664.466493
289000.0	1664.673895
289100.0	1664.881176
289200.0	1665.088336
289300.0	1665.295375
289400.0	1665.502293
289500.0	1665.709089
289600.0	1665.915765
289700.0	1666.122319
289800.0	1666.328752
289900.0	1666.535063
290000.0	1666.741254
290100.0	1666.947323
290200.0	1667.153271
290300.0	1667.359098
290400.0	1667.564804
290500.0	1667.770388
290600.0	1667.975851
290700.0	1668.181193
290800.0	1668.386413
290900.0	1668.591512
291000.0	1668.79649
291100.0	1669.001347
291200.0	1669.206082
291300.0	1669.410696
291400.0	1669.615188
291500.0	1669.819559
291600.0	1670.023809
291700.0	1670.227937
291800.0	1670.431944
291900.0	1670.63583
292000.0	1670.839594
292100.0	1671.043236
292200.0	1671.246758
292300.0	1671.450157
292400.0	1671.653436
292500.0	1671.856592
292600.0	1672.059628
292700.0	1672.262542
292800.0	1672.465334
292900.0	1672.668005
293000.0	1672.870554
293100.0	1673.072982
293200.0	1673.275288
293300.0	1673.477473
293400.0	1673.679536
293500.0	1673.881478
293600.0	1674.083297
293700.0	1674.284996
293800.0	1674.486573
293900.0	1674.688028
294000.0	1674.889361
294100.0	1675.090573
294200.0	1675.291663
294300.0	1675.492632
294400.0	1675.693479
294500.0	1675.894204
294600.0	1676.094807
294700.0	1676.295289
294800.0	1676.495649
294900.0	1676.695888
295000.0	1676.896004
295100.0	1677.095999
295200.0	1677.295872
295300.0	1677.495624
295400.0	1677.695253
295500.0	1677.894761
295600.0	1678.094147
295700.0	1678.293411
295800.0	1678.492554
295900.0	1678.691574
296000.0	1678.890473
296100.0	1679.08925
296200.0	1679.287905
296300.0	1679.486438
296400.0	1679.684849
296500.0	1679.883139
296600.0	1680.081306
296700.0	1680.279352
296800.0	1680.477275
296900.0	1680.675077
297000.0	1680.872757
297100.0	1681.070315
297200.0	1681.267751
297300.0	1681.465064
297400.0	1681.662256
297500.0	1681.859326
297600.0	1682.056274
297700.0	1682.2531
297800.0	1682.449804
297900.0	1682.646386
298000.0	1682.842845
298100.0	1683.039183
298200.0	1683.235399
298300.0	1683.431492
298400.0	1683.627464
298500.0	1683.823313
298600.0	1684.01904
298700.0	1684.214645
298800.0	1684.410128
298900.0	1684.605489
299000.0	1684.800728
299100.0	1684.995844
299200.0	1685.190839
299300.0	1685.385711
299400.0	1685.580461
299500.0	1685.775089
299600.0	1685.969594
299700.0	1686.163977
299800.0	1686.358238
299900.0	1686.552377
300000.0	1686.746394
300100.0	1686.940288
300200.0	1687.13406
300300.0	1687.32771
300400.0	1687.521237
300500.0	1687.714642
300600.0	1687.907925
300700.0	1688.101086
300800.0	1688.294124
300900.0	1688.487039
301000.0	1688.679833
301100.0	1688.872504
301200.0	1689.065052
301300.0	1689.257479
301400.0	1689.449782
301500.0	1689.641964
301600.0	1689.834023
301700.0	1690.025959
301800.0	1690.217773
301900.0	1690.409465
302000.0	1690.601034
302100.0	1690.792481
302200.0	1690.983805
302300.0	1691.175007
302400.0	1691.366086
302500.0	1691.557042
302600.0	1691.747876
302700.0	1691.938588
302800.0	1692.129177
302900.0	1692.319643
303000.0	1692.509987
303100.0	1692.700208
303200.0	1692.890307
303300.0	1693.080283
303400.0	1693.270136
303500.0	1693.459867
303600.0	1693.649475
303700.0	1693.838961
303800.0	1694.028324
303900.0	1694.217564
304000.0	1694.406681
304100.0	1694.595676
304200.0	1694.784548
304300.0	1694.973297
304400.0	1695.161924
304500.0	1695.350428
304600.0	1695.538809
304700.0	1695.727067
304800.0	1695.915203
304900.0	1696.103216
305000.0	1696.291106
305100.0	1696.478873
305200.0	1696.666517
305300.0	1696.854039
305400.0	1697.041438
305500.0	1697.228714
305600.0	1697.415867
305700.0	1697.602897
305800.0	1697.789804
305900.0	1697.976589
306000.0	1698.16325
306100.0	1698.349789
306200.0	1698.536205
306300.0	1698.722497
306400.0	1698.908667
306500.0	1699.094714
306600.0	1699.280638
306700.0	1699.466439
306800.0	1699.652117
306900.0	1699.837672
307000.0	1700.023104
307100.0	1700.208413
307200.0	1700.393599
307300.0	1700.578661
307400.0	1700.763601
307500.0	1700.948418
307600.0	1701.133112
307700.0	1701.317682
307800.0	1701.50213
307900.0	1701.686454
308000.0	1701.870656
308100.0	1702.054734
308200.0	1702.238689
308300.0	1702.422521
308400.0	1702.60623
308500.0	1702.789815
308600.0	1702.973278
308700.0	1703.156617
308800.0	1703.339833
308900.0	1703.522926
309000.0	1703.705895
309100.0	1703.888742
309200.0	1704.071465
309300.0	1704.254065
309400.0	1704.436541
309500.0	1704.618894
309600.0	1704.801125
309700.0	1704.983231
309800.0	1705.165215
309900.0	1705.347075
310000.0	1705.528812
310100.0	1705.710425
310200.0	1705.891915
310300.0	1706.073282
310400.0	1706.254525
310500.0	1706.435645
310600.0	1706.616642
310700.0	1706.797515
310800.0	1706.978265
310900.0	1707.158891
311000.0	1707.339394
311100.0	1707.519774
311200.0	1707.70003
311300.0	1707.880162
311400.0	1708.060171
311500.0	1708.240057
311600.0	1708.419819
311700.0	1708.599458
311800.0	1708.778973
311900.0	1708.958364
312000.0	1709.137632
312100.0	1709.316777
312200.0	1709.495797
312300.0	1709.674695
312400.0	1709.853468
312500.0	1710.032119
312600.0	1710.210645
312700.0	1710.389048
312800.0	1710.567327
312900.0	1710.745483
313000.0	1710.923515
313100.0	1711.101423
313200.0	1711.279208
313300.0	1711.456869
313400.0	1711.634406
313500.0	1711.811819
313600.0	1711.989109
313700.0	1712.166275
313800.0	1712.343318
313900.0	1712.520236
314000.0	1712.697031
314100.0	1712.873702
314200.0	1713.050249
314300.0	1713.226673
314400.0	1713.402972
314500.0	1713.579148
314600.0	1713.7552
314700.0	1713.931129
314800.0	1714.106933
314900.0	1714.282613
315000.0	1714.45817
315100.0	1714.633603
315200.0	1714.808912
315300.0	1714.984097
315400.0	1715.159158
315500.0	1715.334095
315600.0	1715.508908
315700.0	1715.683597
315800.0	1715.858162
315900.0	1716.032604
316000.0	1716.206921
316100.0	1716.381114
316200.0	1716.555184
316300.0	1716.729129
316400.0	1716.90295
316500.0	1717.076648
316600.0	1717.250221
316700.0	1717.42367
316800.0	1717.596995
316900.0	1717.770196
317000.0	1717.943273
317100.0	1718.116226
317200.0	1718.289055
317300.0	1718.461759
317400.0	1718.63434
317500.0	1718.806796
317600.0	1718.979129
317700.0	1719.151337
317800.0	1719.32342
317900.0	1719.49538
318000.0	1719.667216
318100.0	1719.838927
318200.0	1720.010514
318300.0	1720.181977
318400.0	1720.353315
318500.0	1720.52453
318600.0	1720.69562
318700.0	1720.866586
318800.0	1721.037427
318900.0	1721.208144
319000.0	1721.378737
319100.0	1721.549206
319200.0	1721.71955
319300.0	1721.88977
319400.0	1722.059866
319500.0	1722.229837
319600.0	1722.399684
319700.0	1722.569406
319800.0	1722.739004
319900.0	1722.908478
320000.0	1723.077827
320100.0	1723.247052
320200.0	1723.416152
320300.0	1723.585128
320400.0	1723.75398
320500.0	1723.922707
320600.0	1724.091309
320700.0	1724.259787
320800.0	1724.428141
320900.0	1724.59637
321000.0	1724.764474
321100.0	1724.932454
321200.0	1725.10031
321300.0	1725.26804
321400.0	1725.435647
321500.0	1725.603128
321600.0	1725.770486
321700.0	1725.937718
321800.0	1726.104826
321900.0	1726.271809
322000.0	1726.438668
322100.0	1726.605402
322200.0	1726.772011
322300.0	1726.938496
322400.0	1727.104856
322500.0	1727.271091
322600.0	1727.437202
322700.0	1727.603187
322800.0	1727.769049
322900.0	1727.934785
323000.0	1728.100397
323100.0	1728.265884
323200.0	1728.431246
323300.0	1728.596483
323400.0	1728.761596
323500.0	1728.926583
323600.0	1729.091446
323700.0	1729.256184
323800.0	1729.420798
323900.0	1729.585286
324000.0	1729.74965
324100.0	1729.913888
324200.0	1730.078002
324300.0	1730.241991
324400.0	1730.405855
324500.0	1730.569594
324600.0	1730.733209
324700.0	1730.896698
324800.0	1731.060062
324900.0	1731.223302
325000.0	1731.386416
325100.0	1731.549406
325200.0	1731.71227
325300.0	1731.875009
325400.0	1732.037624
325500.0	1732.200113
325600.0	1732.362478
325700.0	1732.524717
325800.0	1732.686831
325900.0	1732.84882
326000.0	1733.010685
326100.0	1733.172424
326200.0	1733.334038
326300.0	1733.495526
326400.0	1733.65689
326500.0	1733.818129
326600.0	1733.979242
326700.0	1734.14023
326800.0	1734.301093
326900.0	1734.461831
327000.0	1734.622444
327100.0	1734.782932
327200.0	1734.943294
327300.0	1735.103531
327400.0	1735.263643
327500.0	1735.423629
327600.0	1735.583491
327700.0	1735.743227
327800.0	1735.902838
327900.0	1736.062323
328000.0	1736.221683
328100.0	1736.380918
328200.0	1736.540028
328300.0	1736.699012
328400.0	1736.857871
328500.0	1737.016605
328600.0	1737.175213
328700.0	1737.333696
328800.0	1737.492053
328900.0	1737.650285
329000.0	1737.808392
329100.0	1737.966373
329200.0	1738.124229
329300.0	1738.281959
329400.0	1738.439564
329500.0	1738.597043
329600.0	1738.754397
329700.0	1738.911625
329800.0	1739.068728
329900.0	1739.225706
330000.0	1739.382557
330100.0	1739.539284
330200.0	1739.695885
330300.0	1739.85236
330400.0	1740.008709
330500.0	1740.164933
330600.0	1740.321032
330700.0	1740.477005
330800.0	1740.632852
330900.0	1740.788574
331000.0	1740.94417
331100.0	1741.09964
331200.0	1741.254985
331300.0	1741.410204
331400.0	1741.565297
331500.0	1741.720265
331600.0	1741.875107
331700.0	1742.029823
331800.0	1742.184413
331900.0	1742.338878
332000.0	1742.493217
332100.0	1742.64743
332200.0	1742.801518
332300.0	1742.95548
332400.0	1743.109315
332500.0	1743.263026
332600.0	1743.41661
332700.0	1743.570068
332800.0	1743.723401
332900.0	1743.876608
333000.0	1744.029689
333100.0	1744.182644
333200.0	1744.335473
333300.0	1744.488176
333400.0	1744.640753
333500.0	1744.793205
333600.0	1744.94553
333700.0	1745.09773
333800.0	1745.249803
333900.0	1745.401751
334000.0	1745.553573
334100.0	1745.705268
334200.0	1745.856838
334300.0	1746.008282
334400.0	1746.159599
334500.0	1746.310791
334600.0	1746.461857
334700.0	1746.612796
334800.0	1746.76361
334900.0	1746.914297
335000.0	1747.064858
335100.0	1747.215294
335200.0	1747.365603
335300.0	1747.515786
335400.0	1747.665843
335500.0	1747.815773
335600.0	1747.965578
335700.0	1748.115256
335800.0	1748.264808
335900.0	1748.414234
336000.0	1748.563534
336100.0	1748.712708
336200.0	1748.861755
336300.0	1749.010676
336400.0	1749.159471
336500.0	1749.30814
336600.0	1749.456682
336700.0	1749.605098
336800.0	1749.753388
336900.0	1749.901552
337000.0	1750.049589
337100.0	1750.1975
337200.0	1750.345284
337300.0	1750.492943
337400.0	1750.640474
337500.0	1750.78788
337600.0	1750.935159
337700.0	1751.082312
337800.0	1751.229338
337900.0	1751.376238
338000.0	1751.523011
338100.0	1751.669658
338200.0	1751.816179
338300.0	1751.962573
338400.0	1752.10884
338500.0	1752.254982
338600.0	1752.400996
338700.0	1752.546884
338800.0	1752.692646
338900.0	1752.838281
339000.0	1752.98379
339100.0	1753.129172
339200.0	1753.274427
339300.0	1753.419556
339400.0	1753.564558
339500.0	1753.709434
339600.0	1753.854183
339700.0	1753.998805
339800.0	1754.143301
339900.0	1754.28767
340000.0	1754.431913
340100.0	1754.576029
340200.0	1754.720018
340300.0	1754.86388
340400.0	1755.007616
340500.0	1755.151225
340600.0	1755.294708
340700.0	1755.438063
340800.0	1755.581292
340900.0	1755.724394
341000.0	1755.86737
341100.0	1756.010218
341200.0	1756.15294
341300.0	1756.295535
341400.0	1756.438003
341500.0	1756.580344
341600.0	1756.722559
341700.0	1756.864646
341800.0	1757.006607
341900.0	1757.148441
342000.0	1757.290148
342100.0	1757.431728
342200.0	1757.573182
342300.0	1757.714508
342400.0	1757.855707
342500.0	1757.99678
342600.0	1758.137725
342700.0	1758.278544
342800.0	1758.419235
342900.0	1758.5598
343000.0	1758.700237
343100.0	1758.840548
343200.0	1758.980731
343300.0	1759.120788
343400.0	1759.260717
343500.0	1759.40052
343600.0	1759.540195
343700.0	1759.679743
343800.0	1759.819165
343900.0	1759.958459
344000.0	1760.097626
344100.0	1760.236665
344200.0	1760.375578
344300.0	1760.514364
344400.0	1760.653022
344500.0	1760.791553
344600.0	1760.929957
344700.0	1761.068234
344800.0	1761.206384
344900.0	1761.344406
345000.0	1761.482302
345100.0	1761.620069
345200.0	1761.75771
345300.0	1761.895224
345400.0	1762.03261
345500.0	1762.169869
345600.0	1762.307
345700.0	1762.444005
345800.0	1762.580882
345900.0	1762.717631
346000.0	1762.854253
346100.0	1762.990748
346200.0	1763.127116
346300.0	1763.263356
346400.0	1763.399469
346500.0	1763.535454
346600.0	1763.671312
346700.0	1763.807043
346800.0	1763.942646
346900.0	1764.078122
347000.0	1764.21347
347100.0	1764.348691
347200.0	1764.483784
347300.0	1764.61875
347400.0	1764.753588
347500.0	1764.888299
347600.0	1765.022882
347700.0	1765.157338
347800.0	1765.291666
347900.0	1765.425866
348000.0	1765.55994
348100.0	1765.693885
348200.0	1765.827703
348300.0	1765.961393
348400.0	1766.094956
348500.0	1766.228391
348600.0	1766.361698
348700.0	1766.494878
348800.0	1766.62793
348900.0	1766.760854
349000.0	1766.89365
349100.0	1767.026319
349200.0	1767.158861
349300.0	1767.291274
349400.0	1767.42356
349500.0	1767.555718
349600.0	1767.687748
349700.0	1767.819651
349800.0	1767.951425
349900.0	1768.083072
350000.0	1768.214591
350100.0	1768.345983
350200.0	1768.477246
350300.0	1768.608382
350400.0	1768.739389
350500.0	1768.870269
350600.0	1769.001021
350700.0	1769.131645
350800.0	1769.262142
350900.0	1769.39251
351000.0	1769.52275
351100.0	1769.652863
351200.0	1769.782847
351300.0	1769.912704
351400.0	1770.042432
351500.0	1770.172033
351600.0	1770.301506
351700.0	1770.43085
351800.0	1770.560067
351900.0	1770.689155
352000.0	1770.818116
352100.0	1770.946948
352200.0	1771.075653
352300.0	1771.204229
352400.0	1771.332677
352500.0	1771.460997
352600.0	1771.589189
352700.0	1771.717253
352800.0	1771.845189
352900.0	1771.972997
353000.0	1772.100676
353100.0	1772.228228
353200.0	1772.355651
353300.0	1772.482946
353400.0	1772.610112
353500.0	1772.737151
353600.0	1772.864061
353700.0	1772.990843
353800.0	1773.117497
353900.0	1773.244023
354000.0	1773.37042
354100.0	1773.496689
354200.0	1773.62283
354300.0	1773.748842
354400.0	1773.874726
354500.0	1774.000482
354600.0	1774.126109
354700.0	1774.251608
354800.0	1774.376979
354900.0	1774.502221
355000.0	1774.627335
355100.0	1774.752321
355200.0	1774.877178
355300.0	1775.001907
355400.0	1775.126507
355500.0	1775.250979
355600.0	1775.375322
355700.0	1775.499537
355800.0	1775.623623
355900.0	1775.747581
356000.0	1775.87141
356100.0	1775.995111
356200.0	1776.118683
356300.0	1776.242127
356400.0	1776.365442
356500.0	1776.488629
356600.0	1776.611687
356700.0	1776.734617
356800.0	1776.857418
356900.0	1776.98009
357000.0	1777.102633
357100.0	1777.225048
357200.0	1777.347335
357300.0	1777.469492
357400.0	1777.591521
357500.0	1777.713422
357600.0	1777.835193
357700.0	1777.956836
357800.0	1778.078351
357900.0	1778.199736
358000.0	1778.320993
358100.0	1778.442121
358200.0	1778.56312
358300.0	1778.68399
358400.0	1778.804732
358500.0	1778.925345
358600.0	1779.045829
358700.0	1779.166184
358800.0	1779.28641
358900.0	1779.406508
359000.0	1779.526477
359100.0	1779.646316
359200.0	1779.766027
359300.0	1779.885609
359400.0	1780.005062
359500.0	1780.124386
359600.0	1780.243582
359700.0	1780.362648
359800.0	1780.481585
359900.0	1780.600394
360000.0	1780.719073
360100.0	1780.837623
360200.0	1780.956045
360300.0	1781.074337
360400.0	1781.1925
360500.0	1781.310535
360600.0	1781.42844
360700.0	1781.546216
360800.0	1781.663863
360900.0	1781.781381
361000.0	1781.89877
361100.0	1782.01603
361200.0	1782.133161
361300.0	1782.250162
361400.0	1782.367035
361500.0	1782.483778
361600.0	1782.600392
361700.0	1782.716877
361800.0	1782.833233
361900.0	1782.949459
362000.0	1783.065556
362100.0	1783.181524
362200.0	1783.297363
362300.0	1783.413073
362400.0	1783.528653
362500.0	1783.644104
362600.0	1783.759426
362700.0	1783.874618
362800.0	1783.989681
362900.0	1784.104615
363000.0	1784.21942
363100.0	1784.334095
363200.0	1784.44864
363300.0	1784.563057
363400.0	1784.677344
363500.0	1784.791501
363600.0	1784.90553
363700.0	1785.019428
363800.0	1785.133198
363900.0	1785.246838
364000.0	1785.360348
364100.0	1785.473729
364200.0	1785.58698
364300.0	1785.700102
364400.0	1785.813095
364500.0	1785.925958
364600.0	1786.038691
364700.0	1786.151295
364800.0	1786.26377
364900.0	1786.376114
365000.0	1786.48833
365100.0	1786.600415
365200.0	1786.712371
365300.0	1786.824198
365400.0	1786.935894
365500.0	1787.047462
365600.0	1787.158899
365700.0	1787.270207
365800.0	1787.381385
365900.0	1787.492434
366000.0	1787.603352
366100.0	1787.714141
366200.0	1787.824801
366300.0	1787.93533
366400.0	1788.04573
366500.0	1788.156
366600.0	1788.266141
366700.0	1788.376151
366800.0	1788.486032
366900.0	1788.595783
367000.0	1788.705404
367100.0	1788.814896
367200.0	1788.924257
367300.0	1789.033489
367400.0	1789.142591
367500.0	1789.251563
367600.0	1789.360405
367700.0	1789.469117
367800.0	1789.577699
367900.0	1789.686151
368000.0	1789.794474
368100.0	1789.902666
368200.0	1790.010729
368300.0	1790.118661
368400.0	1790.226464
368500.0	1790.334136
368600.0	1790.441679
368700.0	1790.549091
368800.0	1790.656374
368900.0	1790.763526
369000.0	1790.870548
369100.0	1790.977441
369200.0	1791.084203
369300.0	1791.190835
369400.0	1791.297337
369500.0	1791.403709
369600.0	1791.50995
369700.0	1791.616062
369800.0	1791.722044
369900.0	1791.827895
370000.0	1791.933616
370100.0	1792.039207
370200.0	1792.144668
370300.0	1792.249998
370400.0	1792.355198
370500.0	1792.460269
370600.0	1792.565208
370700.0	1792.670018
370800.0	1792.774697
370900.0	1792.879246
371000.0	1792.983665
371100.0	1793.087953
371200.0	1793.192111
371300.0	1793.296139
371400.0	1793.400036
371500.0	1793.503803
371600.0	1793.60744
371700.0	1793.710946
371800.0	1793.814322
371900.0	1793.917568
372000.0	1794.020683
372100.0	1794.123667
372200.0	1794.226521
372300.0	1794.329245
372400.0	1794.431838
372500.0	1794.534301
372600.0	1794.636633
372700.0	1794.738835
372800.0	1794.840906
372900.0	1794.942847
373000.0	1795.044657
373100.0	1795.146337
373200.0	1795.247886
373300.0	1795.349305
373400.0	1795.450592
373500.0	1795.55175
373600.0	1795.652776
373700.0	1795.753673
373800.0	1795.854438
373900.0	1795.955073
374000.0	1796.055577
374100.0	1796.15595
374200.0	1796.256193
374300.0	1796.356305
374400.0	1796.456286
374500.0	1796.556137
374600.0	1796.655857
374700.0	1796.755446
374800.0	1796.854904
374900.0	1796.954232
375000.0	1797.053429
375100.0	1797.152495
375200.0	1797.25143
375300.0	1797.350235
375400.0	1797.448908
375500.0	1797.547451
375600.0	1797.645863
375700.0	1797.744144
375800.0	1797.842294
375900.0	1797.940313
376000.0	1798.038201
376100.0	1798.135959
376200.0	1798.233585
376300.0	1798.331081
376400.0	1798.428445
376500.0	1798.525679
376600.0	1798.622781
376700.0	1798.719753
376800.0	1798.816594
376900.0	1798.913303
377000.0	1799.009882
377100.0	1799.106329
377200.0	1799.202646
377300.0	1799.298831
377400.0	1799.394886
377500.0	1799.490809
377600.0	1799.586601
377700.0	1799.682262
377800.0	1799.777792
377900.0	1799.873191
378000.0	1799.968458
378100.0	1800.063595
378200.0	1800.1586
378300.0	1800.253474
378400.0	1800.348217
378500.0	1800.442829
378600.0	1800.537309
378700.0	1800.631658
378800.0	1800.725876
378900.0	1800.819963
379000.0	1800.913919
379100.0	1801.007743
379200.0	1801.101436
379300.0	1801.194997
379400.0	1801.288427
379500.0	1801.381726
379600.0	1801.474894
379700.0	1801.56793
379800.0	1801.660835
379900.0	1801.753608
380000.0	1801.84625
380100.0	1801.938761
380200.0	1802.03114
380300.0	1802.123388
380400.0	1802.215504
380500.0	1802.307489
380600.0	1802.399342
380700.0	1802.491064
380800.0	1802.582655
380900.0	1802.674113
381000.0	1802.765441
381100.0	1802.856637
381200.0	1802.947701
381300.0	1803.038634
381400.0	1803.129435
381500.0	1803.220104
381600.0	1803.310642
381700.0	1803.401049
381800.0	1803.491324
381900.0	1803.581467
382000.0	1803.671478
382100.0	1803.761358
382200.0	1803.851106
382300.0	1803.940723
382400.0	1804.030207
382500.0	1804.119561
382600.0	1804.208782
382700.0	1804.297872
382800.0	1804.386829
382900.0	1804.475656
383000.0	1804.56435
383100.0	1804.652913
383200.0	1804.741343
383300.0	1804.829642
383400.0	1804.91781
383500.0	1805.005845
383600.0	1805.093748
383700.0	1805.18152
383800.0	1805.26916
383900.0	1805.356668
384000.0	1805.444044
384100.0	1805.531288
384200.0	1805.6184
384300.0	1805.70538
384400.0	1805.792229
384500.0	1805.878945
384600.0	1805.965529
384700.0	1806.051982
384800.0	1806.138302
384900.0	1806.224491
385000.0	1806.310547
385100.0	1806.396471
385200.0	1806.482264
385300.0	1806.567924
385400.0	1806.653452
385500.0	1806.738848
385600.0	1806.824113
385700.0	1806.909244
385800.0	1806.994244
385900.0	1807.079112
386000.0	1807.163848
386100.0	1807.248451
386200.0	1807.332922
386300.0	1807.417261
386400.0	1807.501468
386500.0	1807.585543
386600.0	1807.669485
386700.0	1807.753296
386800.0	1807.836974
386900.0	1807.920519
387000.0	1808.003933
387100.0	1808.087214
387200.0	1808.170363
387300.0	1808.25338
387400.0	1808.336264
387500.0	1808.419016
387600.0	1808.501635
387700.0	1808.584123
387800.0	1808.666478
387900.0	1808.7487
388000.0	1808.83079
388100.0	1808.912748
388200.0	1808.994573
388300.0	1809.076266
388400.0	1809.157827
388500.0	1809.239255
388600.0	1809.32055
388700.0	1809.401713
388800.0	1809.482744
388900.0	1809.563642
389000.0	1809.644407
389100.0	1809.72504
389200.0	1809.805541
389300.0	1809.885909
389400.0	1809.966144
389500.0	1810.046247
389600.0	1810.126217
389700.0	1810.206055
389800.0	1810.28576
389900.0	1810.365332
390000.0	1810.444772
390100.0	1810.524079
390200.0	1810.603253
390300.0	1810.682295
390400.0	1810.761204
390500.0	1810.83998
390600.0	1810.918624
390700.0	1810.997135
390800.0	1811.075513
390900.0	1811.153758
391000.0	1811.231871
391100.0	1811.309851
391200.0	1811.387698
391300.0	1811.465412
391400.0	1811.542993
391500.0	1811.620442
391600.0	1811.697758
391700.0	1811.774941
391800.0	1811.851991
391900.0	1811.928908
392000.0	1812.005692
392100.0	1812.082343
392200.0	1812.158862
392300.0	1812.235247
392400.0	1812.3115
392500.0	1812.387619
392600.0	1812.463606
392700.0	1812.53946
392800.0	1812.61518
392900.0	1812.690768
393000.0	1812.766223
393100.0	1812.841544
393200.0	1812.916733
393300.0	1812.991788
393400.0	1813.066711
393500.0	1813.1415
393600.0	1813.216156
393700.0	1813.290679
393800.0	1813.365069
393900.0	1813.439326
394000.0	1813.51345
394100.0	1813.58744
394200.0	1813.661298
394300.0	1813.735022
394400.0	1813.808613
394500.0	1813.882071
394600.0	1813.955396
394700.0	1814.028587
394800.0	1814.101645
394900.0	1814.17457
395000.0	1814.247362
395100.0	1814.32002
395200.0	1814.392545
395300.0	1814.464937
395400.0	1814.537195
395500.0	1814.60932
395600.0	1814.681312
395700.0	1814.75317
395800.0	1814.824895
395900.0	1814.896486
396000.0	1814.967945
396100.0	1815.039269
396200.0	1815.110461
396300.0	1815.181519
396400.0	1815.252443
396500.0	1815.323234
396600.0	1815.393892
396700.0	1815.464416
396800.0	1815.534806
396900.0	1815.605063
397000.0	1815.675187
397100.0	1815.745177
397200.0	1815.815033
397300.0	1815.884756
397400.0	1815.954345
397500.0	1816.023801
397600.0	1816.093123
397700.0	1816.162311
397800.0	1816.231366
397900.0	1816.300287
398000.0	1816.369075
398100.0	1816.437728
398200.0	1816.506249
398300.0	1816.574635
398400.0	1816.642888
398500.0	1816.711007
398600.0	1816.778992
398700.0	1816.846844
398800.0	1816.914562
398900.0	1816.982146
399000.0	1817.049596
399100.0	1817.116912
399200.0	1817.184095
399300.0	1817.251144
399400.0	1817.318059
399500.0	1817.38484
399600.0	1817.451488
399700.0	1817.518001
399800.0	1817.584381
399900.0	1817.650626
400000.0	1817.716738
400100.0	1817.782716
400200.0	1817.84856
400300.0	1817.91427
400400.0	1817.979846
400500.0	1818.045288
400600.0	1818.110596
400700.0	1818.17577
400800.0	1818.24081
400900.0	1818.305716
401000.0	1818.370488
401100.0	1818.435126
401200.0	1818.499629
401300.0	1818.563999
401400.0	1818.628235
401500.0	1818.692336
401600.0	1818.756304
401700.0	1818.820137
401800.0	1818.883836
401900.0	1818.947402
402000.0	1819.010832
402100.0	1819.074129
402200.0	1819.137292
402300.0	1819.20032
402400.0	1819.263214
402500.0	1819.325974
402600.0	1819.388599
402700.0	1819.451091
402800.0	1819.513448
402900.0	1819.575671
403000.0	1819.637759
403100.0	1819.699713
403200.0	1819.761533
403300.0	1819.823219
403400.0	1819.88477
403500.0	1819.946187
403600.0	1820.007469
403700.0	1820.068617
403800.0	1820.129631
403900.0	1820.19051
404000.0	1820.251255
404100.0	1820.311866
404200.0	1820.372342
404300.0	1820.432683
404400.0	1820.49289
404500.0	1820.552963
404600.0	1820.612901
404700.0	1820.672704
404800.0	1820.732373
404900.0	1820.791908
405000.0	1820.851307
405100.0	1820.910573
405200.0	1820.969704
405300.0	1821.0287
405400.0	1821.087561
405500.0	1821.146288
405600.0	1821.20488
405700.0	1821.263338
405800.0	1821.321661
405900.0	1821.379849
406000.0	1821.437903
406100.0	1821.495822
406200.0	1821.553606
406300.0	1821.611256
406400.0	1821.668771
406500.0	1821.726151
406600.0	1821.783396
406700.0	1821.840507
406800.0	1821.897482
406900.0	1821.954323
407000.0	1822.011029
407100.0	1822.067601
407200.0	1822.124037
407300.0	1822.180339
407400.0	1822.236505
407500.0	1822.292537
407600.0	1822.348434
407700.0	1822.404196
407800.0	1822.459823
407900.0	1822.515316
408000.0	1822.570673
408100.0	1822.625895
408200.0	1822.680983
408300.0	1822.735935
408400.0	1822.790752
408500.0	1822.845435
408600.0	1822.899982
408700.0	1822.954394
408800.0	1823.008672
408900.0	1823.062814
409000.0	1823.116821
409100.0	1823.170693
409200.0	1823.22443
409300.0	1823.278032
409400.0	1823.331499
409500.0	1823.38483
409600.0	1823.438027
409700.0	1823.491088
409800.0	1823.544014
409900.0	1823.596805
410000.0	1823.649461
410100.0	1823.701981
410200.0	1823.754366
410300.0	1823.806616
410400.0	1823.858731
410500.0	1823.91071
410600.0	1823.962555
410700.0	1824.014264
410800.0	1824.065837
410900.0	1824.117275
411000.0	1824.168578
411100.0	1824.219746
411200.0	1824.270778
411300.0	1824.321675
411400.0	1824.372437
411500.0	1824.423063
411600.0	1824.473553
411700.0	1824.523909
411800.0	1824.574128
411900.0	1824.624213
412000.0	1824.674162
412100.0	1824.723975
412200.0	1824.773653
412300.0	1824.823195
412400.0	1824.872602
412500.0	1824.921874
412600.0	1824.971009
412700.0	1825.02001
412800.0	1825.068874
412900.0	1825.117603
413000.0	1825.166197
413100.0	1825.214655
413200.0	1825.262977
413300.0	1825.311164
413400.0	1825.359215
413500.0	1825.40713
413600.0	1825.45491
413700.0	1825.502554
413800.0	1825.550062
413900.0	1825.597435
414000.0	1825.644671
414100.0	1825.691773
414200.0	1825.738738
414300.0	1825.785567
414400.0	1825.832261
414500.0	1825.878819
414600.0	1825.925241
414700.0	1825.971528
414800.0	1826.017678
414900.0	1826.063693
415000.0	1826.109572
415100.0	1826.155315
415200.0	1826.200922
415300.0	1826.246393
415400.0	1826.291728
415500.0	1826.336928
415600.0	1826.381991
415700.0	1826.426918
415800.0	1826.47171
415900.0	1826.516365
416000.0	1826.560885
416100.0	1826.605268
416200.0	1826.649516
416300.0	1826.693627
416400.0	1826.737603
416500.0	1826.781442
416600.0	1826.825145
416700.0	1826.868713
416800.0	1826.912144
416900.0	1826.955439
417000.0	1826.998598
417100.0	1827.04162
417200.0	1827.084507
417300.0	1827.127257
417400.0	1827.169871
417500.0	1827.21235
417600.0	1827.254691
417700.0	1827.296897
417800.0	1827.338966
417900.0	1827.3809
418000.0	1827.422696
418100.0	1827.464357
418200.0	1827.505881
418300.0	1827.547269
418400.0	1827.588521
418500.0	1827.629637
418600.0	1827.670616
418700.0	1827.711458
418800.0	1827.752165
418900.0	1827.792735
419000.0	1827.833168
419100.0	1827.873466
419200.0	1827.913626
419300.0	1827.953651
419400.0	1827.993539
419500.0	1828.03329
419600.0	1828.072905
419700.0	1828.112384
419800.0	1828.151726
419900.0	1828.190931
420000.0	1828.23
